Date,Open,High,Low,Close,Adj Close,Volume
2004-11-19,9.060000,9.930000,8.500000,9.840000,8.552542,3906200
2004-11-22,9.900000,11.000000,9.510000,9.620000,8.361323,728000
2004-11-23,9.500000,9.750000,8.760000,9.380000,8.152730,505800
2004-11-24,9.500000,10.000000,9.500000,9.780000,8.500391,319500
2004-11-26,9.300000,9.950000,9.250000,9.800000,8.517776,65600
2004-11-29,10.000000,10.100000,9.460000,9.800000,8.517776,130700
2004-11-30,9.800000,9.990000,9.310000,9.880000,8.587307,194900
2004-12-01,9.500000,10.220000,9.500000,9.990000,8.682915,209800
2004-12-02,10.030000,11.000000,9.970000,10.850000,9.430396,337400
2004-12-03,10.990000,11.350000,10.580000,11.140000,9.682453,288100
2004-12-06,11.390000,11.680000,11.000000,11.130000,9.673759,192600
2004-12-07,11.380000,11.380000,10.640000,10.910000,9.482541,195900
2004-12-08,10.960000,11.200000,10.510000,10.900000,9.473853,78500
2004-12-09,10.800000,10.960000,10.530000,10.810000,9.395628,40900
2004-12-10,10.710000,10.710000,10.150000,10.410000,9.047963,86100
2004-12-13,10.100000,10.970000,9.880000,10.330000,8.978432,77500
2004-12-14,10.850000,10.850000,10.100000,10.230000,8.891514,29800
2004-12-15,10.000000,10.450000,9.900000,10.050000,8.735063,191400
2004-12-16,9.850000,10.180000,9.850000,10.010000,8.700299,108800
2004-12-17,9.900000,10.150000,9.320000,9.500000,8.257024,418100
2004-12-20,9.900000,9.900000,9.040000,9.300000,8.083195,173700
2004-12-21,9.000000,9.760000,9.000000,9.470000,8.230952,81400
2004-12-22,9.370000,9.690000,9.000000,9.610000,8.352634,50000
2004-12-23,9.600000,9.900000,9.590000,9.770000,8.491701,29900
2004-12-27,9.720000,9.790000,9.460000,9.720000,8.448244,72000
2004-12-28,9.630000,9.730000,9.220000,9.500000,8.257024,58200
2004-12-29,9.400000,9.650000,9.400000,9.500000,8.257024,80100
2004-12-30,9.330000,9.610000,9.300000,9.390000,8.161419,33300
2004-12-31,9.390000,9.550000,9.250000,9.300000,8.083195,53000
2005-01-03,9.310000,9.450000,8.800000,8.870000,7.709456,91300
2005-01-04,8.730000,9.050000,8.590000,8.650000,7.518244,105900
2005-01-05,8.620000,8.640000,8.100000,8.300000,7.214035,76500
2005-01-06,8.250000,8.690000,8.150000,8.240000,7.161884,29700
2005-01-07,8.150000,8.580000,8.100000,8.250000,7.170577,17500
2005-01-10,8.160000,8.160000,7.600000,7.800000,6.779454,75600
2005-01-11,7.640000,7.960000,7.150000,7.220000,6.275340,52400
2005-01-12,7.300000,7.300000,6.400000,6.600000,5.736460,113000
2005-01-13,6.770000,6.770000,6.120000,6.230000,5.414870,346100
2005-01-14,6.100000,6.420000,6.060000,6.280000,5.458331,109600
2005-01-18,6.430000,6.430000,6.210000,6.290000,5.467021,102100
2005-01-19,6.420000,6.430000,6.250000,6.340000,5.510478,61000
2005-01-20,6.190000,6.890000,6.190000,6.850000,5.953752,112300
2005-01-21,6.990000,7.790000,6.820000,7.660000,6.657772,197500
2005-01-24,7.490000,8.060000,7.490000,7.920000,6.883753,126400
2005-01-25,8.050000,8.270000,7.500000,7.840000,6.814221,124700
2005-01-26,7.850000,8.000000,7.300000,7.770000,6.753379,42200
2005-01-27,7.580000,8.040000,7.340000,7.660000,6.657772,42200
2005-01-28,7.240000,8.370000,7.240000,7.620000,6.623006,68000
2005-01-31,7.700000,7.750000,7.250000,7.380000,6.414406,69000
2005-02-01,7.290000,7.800000,7.290000,7.500000,6.518706,136100
2005-02-02,7.600000,7.780000,7.330000,7.570000,6.579547,83900
2005-02-03,7.500000,7.520000,7.300000,7.350000,6.388331,131400
2005-02-04,7.370000,7.660000,7.150000,7.570000,6.579547,107600
2005-02-07,7.650000,7.650000,7.150000,7.520000,6.536089,92800
2005-02-08,7.610000,7.620000,7.300000,7.620000,6.623006,149900
2005-02-09,7.650000,7.720000,7.010000,7.090000,6.162350,38400
2005-02-10,7.000000,7.400000,6.900000,6.910000,6.005900,18400
2005-02-11,6.910000,7.610000,6.910000,7.170000,6.231884,37800
2005-02-14,7.170000,7.600000,7.170000,7.520000,6.536089,26900
2005-02-15,7.430000,7.600000,7.250000,7.360000,6.397023,35000
2005-02-16,7.240000,7.610000,7.000000,7.140000,6.205807,32800
2005-02-17,6.890000,7.190000,6.850000,6.960000,6.049360,30400
2005-02-18,6.930000,7.250000,6.250000,6.480000,5.632164,165200
2005-02-22,6.350000,6.820000,6.160000,6.450000,5.606087,267000
2005-02-23,6.290000,6.560000,6.250000,6.360000,5.527863,51800
2005-02-24,6.250000,6.400000,6.200000,6.370000,5.536555,64900
2005-02-25,6.250000,6.700000,6.250000,6.530000,5.675620,134700
2005-02-28,6.960000,6.960000,6.300000,6.390000,5.553937,66000
2005-03-01,6.280000,6.500000,6.270000,6.440000,5.597396,45900
2005-03-02,6.280000,6.500000,6.280000,6.340000,5.510478,68100
2005-03-03,6.670000,6.670000,6.220000,6.380000,5.545245,29300
2005-03-04,6.520000,6.620000,6.200000,6.620000,5.753845,245600
2005-03-07,6.780000,6.900000,6.780000,6.800000,5.910294,70200
2005-03-08,7.050000,7.600000,7.050000,7.440000,6.466558,596700
2005-03-09,7.570000,8.250000,7.230000,8.000000,6.953286,137800
2005-03-10,8.200000,8.280000,7.440000,7.920000,6.883753,57500
2005-03-11,7.500000,8.360000,7.500000,8.280000,7.196651,164900
2005-03-14,8.340000,8.420000,7.630000,8.400000,7.300950,140000
2005-03-15,8.450000,8.750000,8.010000,8.670000,7.535624,67400
2005-03-16,8.740000,8.750000,8.060000,8.290000,7.205343,27200
2005-03-17,8.420000,8.600000,8.090000,8.510000,7.396556,51700
2005-03-18,8.640000,8.700000,8.210000,8.680000,7.544316,45500
2005-03-21,8.700000,8.750000,8.320000,8.570000,7.448709,28500
2005-03-22,8.500000,8.650000,8.020000,8.640000,7.509547,58900
2005-03-23,8.640000,9.150000,8.450000,9.120000,7.926744,106400
2005-03-24,9.140000,9.240000,8.970000,9.200000,7.996279,16900
2005-03-28,9.160000,9.290000,8.460000,9.230000,8.022352,104700
2005-03-29,9.090000,9.280000,8.750000,8.790000,7.639923,19800
2005-03-30,8.920000,8.920000,8.500000,8.500000,7.387866,30500
2005-03-31,8.600000,8.830000,8.070000,8.830000,7.674689,111600
2005-04-01,8.990000,9.030000,8.250000,8.860000,7.700763,104900
2005-04-04,8.860000,9.080000,8.490000,9.080000,7.891979,21300
2005-04-05,9.080000,9.100000,8.940000,9.100000,7.909365,32000
2005-04-06,9.010000,9.100000,8.870000,8.870000,7.709456,22100
2005-04-07,8.900000,9.100000,8.900000,9.100000,7.909365,8800
2005-04-08,9.080000,9.100000,8.480000,8.480000,7.370482,13700
2005-04-11,8.540000,8.610000,8.260000,8.320000,7.231417,209000
2005-04-12,8.170000,8.740000,8.140000,8.640000,7.509547,11300
2005-04-13,8.550000,8.660000,8.480000,8.540000,7.422635,4500
2005-04-14,8.390000,8.640000,7.880000,7.910000,6.875062,91900
2005-04-15,7.900000,8.120000,7.620000,7.830000,6.805529,182100
2005-04-18,7.690000,7.940000,7.520000,7.850000,6.822911,43400
2005-04-19,7.950000,8.290000,7.950000,8.290000,7.205343,46700
2005-04-20,8.200000,8.210000,7.910000,7.910000,6.875062,95100
2005-04-21,7.870000,8.420000,7.870000,8.220000,7.144502,39900
2005-04-22,8.320000,8.320000,7.110000,7.260000,6.310106,49900
2005-04-25,7.350000,7.840000,7.350000,7.810000,6.788146,23200
2005-04-26,7.990000,8.050000,7.730000,8.050000,6.996744,28900
2005-04-27,8.020000,8.030000,7.950000,7.980000,6.935903,12600
2005-04-28,7.720000,8.240000,7.720000,8.040000,6.988054,16200
2005-04-29,7.980000,8.150000,7.360000,8.050000,6.996744,127000
2005-05-02,7.970000,7.980000,6.750000,7.200000,6.257958,73900
2005-05-03,7.020000,7.230000,6.350000,6.620000,5.753845,97500
2005-05-04,6.770000,6.830000,6.600000,6.830000,5.936368,25200
2005-05-05,6.830000,6.870000,6.600000,6.700000,5.823378,24300
2005-05-06,6.800000,7.020000,6.620000,7.020000,6.101508,17800
2005-05-09,6.830000,6.920000,6.830000,6.900000,5.997210,8100
2005-05-10,6.790000,6.910000,6.740000,6.810000,5.918986,4800
2005-05-11,6.890000,6.920000,6.470000,6.470000,5.623470,128500
2005-05-12,6.500000,6.500000,5.850000,5.860000,5.093283,550700
2005-05-13,5.900000,6.500000,5.900000,6.320000,5.493095,444200
2005-05-16,6.420000,6.620000,6.180000,6.590000,5.727769,65200
2005-05-17,6.670000,6.700000,6.350000,6.390000,5.553937,29900
2005-05-18,6.480000,6.480000,6.150000,6.200000,5.388796,150900
2005-05-19,6.240000,6.590000,6.190000,6.580000,5.719079,127200
2005-05-20,6.500000,6.600000,6.340000,6.460000,5.614779,128600
2005-05-23,6.410000,6.600000,6.410000,6.470000,5.623470,62700
2005-05-24,6.500000,6.770000,6.390000,6.680000,5.805994,196500
2005-05-25,6.580000,7.430000,6.420000,7.040000,6.118893,61000
2005-05-26,7.200000,7.490000,7.180000,7.440000,6.466558,75500
2005-05-27,7.500000,7.500000,7.200000,7.410000,6.440483,91700
2005-05-31,7.450000,7.490000,7.410000,7.420000,6.449173,24000
2005-06-01,7.420000,7.490000,7.310000,7.430000,6.457865,15600
2005-06-02,7.450000,7.530000,7.410000,7.510000,6.527396,36000
2005-06-03,7.490000,7.500000,7.450000,7.490000,6.510014,23000
2005-06-06,7.450000,7.500000,7.240000,7.280000,6.327491,28300
2005-06-07,7.850000,8.440000,7.750000,8.280000,7.196651,265800
2005-06-08,8.380000,8.990000,8.130000,8.710000,7.570393,117700
2005-06-09,8.620000,9.040000,8.600000,8.950000,7.778987,71400
2005-06-10,8.840000,9.000000,8.620000,8.780000,7.631232,44600
2005-06-13,8.780000,9.500000,8.780000,9.370000,8.144039,125700
2005-06-14,9.460000,9.560000,9.300000,9.420000,8.187491,72100
2005-06-15,9.420000,9.460000,9.160000,9.320000,8.100579,65400
2005-06-16,9.360000,9.830000,9.310000,9.560000,8.309176,59200
2005-06-17,9.460000,9.530000,9.360000,9.360000,8.135344,87000
2005-06-20,9.500000,9.500000,8.700000,8.820000,7.665998,116700
2005-06-21,8.700000,8.900000,8.300000,8.320000,7.231417,112100
2005-06-22,8.420000,8.880000,8.320000,8.750000,7.605156,76400
2005-06-23,8.890000,8.890000,8.500000,8.600000,7.474782,51000
2005-06-24,8.530000,9.230000,8.530000,9.230000,8.022352,597200
2005-06-27,9.450000,9.620000,8.760000,9.090000,7.900671,128100
2005-06-28,9.170000,9.550000,9.000000,9.500000,8.257024,174800
2005-06-29,9.560000,9.620000,9.230000,9.480000,8.239645,76600
2005-06-30,9.500000,9.500000,8.850000,8.880000,7.718146,110400
2005-07-01,8.950000,9.240000,8.950000,9.240000,8.031046,79100
2005-07-05,9.260000,9.400000,9.090000,9.240000,8.031046,53500
2005-07-06,9.200000,9.400000,8.850000,8.980000,7.805063,104700
2005-07-07,8.770000,9.270000,8.770000,9.220000,8.013661,40100
2005-07-08,9.270000,9.380000,9.170000,9.280000,8.065810,66600
2005-07-11,9.400000,9.500000,9.000000,9.400000,8.170112,106000
2005-07-12,9.470000,10.250000,9.350000,10.000000,8.691607,188000
2005-07-13,10.100000,10.160000,9.870000,10.110000,8.787216,88000
2005-07-14,10.150000,10.200000,9.800000,10.090000,8.769835,122700
2005-07-15,9.990000,10.210000,9.800000,10.150000,8.821981,97200
2005-07-18,10.100000,10.680000,10.080000,10.410000,9.047963,69900
2005-07-19,8.300000,8.700000,7.630000,8.400000,7.300950,508500
2005-07-20,8.330000,8.800000,8.330000,8.800000,7.648615,62300
2005-07-21,8.820000,9.000000,8.660000,8.710000,7.570393,75000
2005-07-22,8.860000,9.900000,8.330000,9.890000,8.596000,183600
2005-07-25,9.970000,9.980000,9.520000,9.600000,8.343945,58700
2005-07-26,9.600000,9.600000,8.980000,9.600000,8.343945,55400
2005-07-27,9.600000,9.660000,9.410000,9.460000,8.222262,40800
2005-07-28,9.500000,9.660000,9.250000,9.360000,8.135344,47900
2005-07-29,9.390000,9.500000,8.650000,9.150000,7.952822,212900
2005-08-01,9.210000,9.370000,8.850000,9.140000,7.944130,24700
2005-08-02,9.000000,9.170000,8.940000,9.140000,7.944130,39200
2005-08-03,8.990000,9.040000,8.900000,8.900000,7.735527,23700
2005-08-04,8.900000,8.970000,8.350000,8.380000,7.283569,80500
2005-08-05,8.440000,8.580000,7.800000,8.170000,7.101044,86400
2005-08-08,8.180000,8.220000,7.660000,7.900000,6.866371,37800
2005-08-09,7.910000,8.010000,7.680000,8.010000,6.961979,24600
2005-08-10,7.850000,8.000000,7.720000,7.920000,6.883753,39500
2005-08-11,7.900000,7.900000,7.620000,7.850000,6.822911,47200
2005-08-12,7.750000,7.900000,7.550000,7.710000,6.701229,27800
2005-08-15,7.710000,7.830000,7.600000,7.740000,6.727304,52500
2005-08-16,7.700000,7.800000,7.510000,7.510000,6.527396,51400
2005-08-17,7.520000,7.640000,7.510000,7.540000,6.553472,25500
2005-08-18,7.500000,7.600000,7.230000,7.400000,6.431790,34300
2005-08-19,7.360000,7.380000,6.810000,7.000000,6.084126,121800
2005-08-22,7.090000,7.210000,6.810000,7.140000,6.205807,60400
2005-08-23,7.200000,7.200000,7.070000,7.150000,6.214500,28000
2005-08-24,7.150000,7.200000,7.050000,7.080000,6.153659,26100
2005-08-25,7.150000,7.190000,6.880000,7.150000,6.214500,75800
2005-08-26,7.020000,7.170000,7.000000,7.000000,6.084126,62100
2005-08-29,6.920000,6.920000,6.810000,6.900000,5.997210,28000
2005-08-30,6.810000,7.000000,6.810000,6.940000,6.031976,42900
2005-08-31,7.280000,8.090000,7.280000,8.050000,6.996744,189100
2005-09-01,8.110000,8.620000,8.090000,8.430000,7.327024,110400
2005-09-02,8.500000,8.800000,8.300000,8.420000,7.318333,57900
2005-09-06,8.440000,8.500000,8.270000,8.390000,7.292258,39300
2005-09-07,8.380000,8.380000,8.270000,8.340000,7.248802,19900
2005-09-08,8.400000,8.400000,8.130000,8.130000,7.066278,36200
2005-09-09,8.210000,8.210000,7.900000,8.100000,7.040204,31000
2005-09-12,8.100000,8.500000,7.710000,8.410000,7.309642,100200
2005-09-13,8.370000,8.780000,8.160000,8.720000,7.579082,67700
2005-09-14,8.760000,8.790000,8.110000,8.130000,7.066278,108500
2005-09-15,8.140000,8.250000,7.800000,8.150000,7.083660,77900
2005-09-16,8.300000,8.320000,8.110000,8.320000,7.231417,130500
2005-09-19,8.200000,8.430000,8.100000,8.280000,7.196651,76900
2005-09-20,8.320000,8.450000,8.100000,8.440000,7.335714,50200
2005-09-21,8.350000,8.490000,8.350000,8.390000,7.292258,34500
2005-09-22,8.450000,8.500000,8.170000,8.410000,7.309642,66100
2005-09-23,8.470000,8.550000,8.300000,8.470000,7.361792,98400
2005-09-26,8.500000,8.590000,8.450000,8.520000,7.405248,99300
2005-09-27,8.500000,8.690000,8.440000,8.470000,7.361792,68100
2005-09-28,8.470000,8.500000,8.280000,8.320000,7.231417,34100
2005-09-29,8.340000,8.500000,8.340000,8.490000,7.379177,31000
2005-09-30,8.490000,8.500000,8.420000,8.490000,7.379177,48600
2005-10-03,8.480000,8.790000,8.470000,8.770000,7.622540,110300
2005-10-04,8.620000,8.980000,8.620000,8.740000,7.596467,186400
2005-10-05,8.810000,10.110000,8.530000,9.900000,8.604691,384900
2005-10-06,9.770000,10.180000,9.330000,9.860000,8.569925,339800
2005-10-07,9.900000,10.080000,9.800000,10.030000,8.717684,124700
2005-10-10,9.900000,10.000000,9.600000,9.940000,8.639457,152100
2005-10-11,9.940000,10.120000,9.530000,10.000000,8.691607,293900
2005-10-12,9.970000,10.090000,9.760000,10.030000,8.717684,137900
2005-10-13,10.060000,10.910000,10.000000,10.860000,9.439084,323800
2005-10-14,10.860000,11.000000,10.570000,10.930000,9.499928,124500
2005-10-17,10.760000,10.900000,9.870000,10.580000,9.195720,128000
2005-10-18,10.600000,10.600000,10.010000,10.320000,8.969740,32000
2005-10-19,10.190000,10.500000,10.030000,10.420000,9.056653,70300
2005-10-20,10.320000,10.920000,10.170000,10.700000,9.300020,157000
2005-10-21,10.620000,11.230000,10.470000,11.050000,9.604228,202500
2005-10-24,11.110000,12.000000,11.090000,12.000000,10.429927,213200
2005-10-25,12.000000,12.000000,11.400000,11.550000,10.038809,95300
2005-10-26,11.510000,12.120000,11.000000,11.080000,9.630305,279200
2005-10-27,12.100000,12.990000,12.100000,12.870000,11.186099,724500
2005-10-28,13.000000,13.000000,12.740000,12.860000,11.177406,280000
2005-10-31,12.860000,13.110000,12.520000,12.830000,11.151333,388900
2005-11-01,12.530000,12.810000,11.960000,12.130000,10.542921,212800
2005-11-02,11.810000,12.800000,10.960000,12.580000,10.934041,242100
2005-11-03,12.500000,13.050000,12.170000,12.540000,10.899277,233400
2005-11-04,12.310000,12.850000,12.200000,12.840000,11.160018,157200
2005-11-07,12.950000,13.060000,12.660000,13.010000,11.307781,202000
2005-11-08,13.000000,14.600000,12.900000,14.010000,12.176943,560400
2005-11-09,14.150000,14.500000,14.100000,14.400000,12.515917,260900
2005-11-10,14.400000,14.470000,14.050000,14.200000,12.342083,201800
2005-11-11,15.000000,17.330000,14.880000,16.320000,14.184704,1178300
2005-11-14,16.059999,17.070000,16.059999,16.809999,14.610591,796200
2005-11-15,16.730000,17.370001,16.600000,17.049999,14.819191,580100
2005-11-16,17.000000,17.389999,16.750000,17.240000,14.984338,407300
2005-11-17,17.209999,17.480000,13.780000,15.900000,13.819655,2061500
2005-11-18,15.850000,15.930000,14.910000,15.050000,13.080872,1093000
2005-11-21,15.050000,15.140000,13.310000,13.350000,11.603299,533400
2005-11-22,12.950000,14.150000,12.550000,13.820000,12.011801,507700
2005-11-23,14.000000,14.010000,13.250000,13.500000,11.733671,197600
2005-11-25,13.500000,13.500000,12.500000,12.850000,11.168718,68900
2005-11-28,13.000000,13.450000,13.000000,13.400000,11.646755,108400
2005-11-29,13.410000,13.500000,13.180000,13.370000,11.620680,148400
2005-11-30,13.230000,13.590000,13.230000,13.310000,11.568530,97900
2005-12-01,13.500000,14.990000,13.270000,14.450000,12.559373,208000
2005-12-02,14.470000,14.700000,14.230000,14.440000,12.550679,57700
2005-12-05,14.290000,14.520000,13.970000,14.120000,12.272550,100600
2005-12-06,14.230000,14.710000,14.200000,14.360000,12.481149,28600
2005-12-07,14.430000,14.430000,13.940000,14.070000,12.229092,65200
2005-12-08,14.000000,14.500000,14.000000,14.230000,12.368155,57300
2005-12-09,14.230000,14.280000,14.070000,14.190000,12.333393,29900
2005-12-12,14.190000,14.230000,13.650000,13.840000,12.029186,55500
2005-12-13,13.750000,14.320000,13.750000,14.080000,12.237785,44900
2005-12-14,13.950000,14.120000,13.410000,13.580000,11.803206,95200
2005-12-15,13.600000,14.640000,13.600000,14.580000,12.672362,178300
2005-12-16,14.650000,14.900000,14.400000,14.750000,12.820123,182800
2005-12-19,14.700000,15.140000,14.460000,15.000000,13.037413,236400
2005-12-20,14.930000,15.000000,14.150000,14.440000,12.550679,219700
2005-12-21,14.580000,14.580000,14.130000,14.240000,12.376851,56700
2005-12-22,14.190000,14.520000,14.140000,14.520000,12.620212,31400
2005-12-23,14.520000,14.520000,14.200000,14.250000,12.385540,16000
2005-12-27,14.240000,14.450000,14.120000,14.120000,12.272550,40800
2005-12-28,14.210000,14.210000,13.850000,14.070000,12.229092,144900
2005-12-29,13.990000,14.280000,13.970000,14.170000,12.316007,51100
2005-12-30,14.200000,15.000000,14.000000,14.990000,13.028721,122300
2006-01-03,14.750000,15.250000,14.540000,15.080000,13.106944,75300
2006-01-04,15.000000,15.240000,14.840000,15.080000,13.106944,35800
2006-01-05,15.040000,16.000000,14.800000,15.180000,13.193862,146900
2006-01-06,15.380000,15.490000,14.970000,15.140000,13.159095,280500
2006-01-09,15.250000,15.500000,14.820000,15.020000,13.054791,299200
2006-01-10,14.820000,15.200000,14.820000,15.040000,13.072179,140100
2006-01-11,14.930000,16.000000,14.930000,15.860000,13.784889,182100
2006-01-12,15.780000,16.490000,15.650000,16.440001,14.289003,262100
2006-01-13,16.500000,16.590000,15.960000,16.000000,13.906571,50200
2006-01-17,16.040001,16.370001,15.920000,16.000000,13.906571,73700
2006-01-18,15.900000,16.100000,15.900000,16.000000,13.906571,48800
2006-01-19,16.000000,17.440001,15.900000,17.100000,14.862651,188300
2006-01-20,17.110001,17.500000,16.650000,16.650000,14.471526,122000
2006-01-23,16.770000,16.770000,16.459999,16.570000,14.401990,57500
2006-01-24,16.750000,18.000000,16.610001,17.500000,15.210312,113600
2006-01-25,17.530001,17.530001,17.139999,17.500000,15.210312,65200
2006-01-26,17.650000,17.850000,17.200001,17.629999,15.323302,115800
2006-01-27,17.540001,17.770000,17.129999,17.530001,15.236385,75800
2006-01-30,17.510000,17.530001,17.000000,17.120001,14.880033,79400
2006-01-31,17.000000,17.360001,16.940001,17.260000,15.001720,65100
2006-02-01,17.100000,17.549999,16.889999,17.389999,15.114708,63500
2006-02-02,17.320000,17.910000,17.110001,17.870001,15.531902,132100
2006-02-03,17.830000,18.549999,17.540001,18.200001,15.818729,160800
2006-02-06,18.100000,18.219999,17.690001,18.219999,15.836110,57100
2006-02-07,18.280001,18.290001,17.969999,18.110001,15.740501,256200
2006-02-08,18.000000,18.580000,17.950001,18.389999,15.983867,66300
2006-02-09,18.299999,19.860001,18.270000,19.590000,17.026857,176800
2006-02-10,19.590000,19.590000,18.990000,19.330000,16.800888,86100
2006-02-13,19.200001,19.389999,18.670000,18.950001,16.470596,139400
2006-02-14,19.000000,19.000000,17.549999,17.660000,15.349378,175100
2006-02-15,17.660000,18.700001,17.549999,18.700001,16.253305,37000
2006-02-16,18.750000,18.799999,18.360001,18.790001,16.331530,20700
2006-02-17,18.910000,18.910000,18.000000,18.100000,15.731814,47000
2006-02-21,17.860001,18.100000,17.620001,18.080000,15.714425,33300
2006-02-22,18.100000,18.200001,17.870001,18.010000,15.653585,17300
2006-02-23,17.920000,18.000000,17.770000,17.950001,15.601437,84300
2006-02-24,17.840000,18.250000,17.709999,18.020000,15.662278,199900
2006-02-27,18.000000,18.000000,17.850000,17.930000,15.584051,31800
2006-02-28,18.000000,18.000000,16.879999,17.049999,14.819191,59300
2006-03-01,17.000000,17.120001,16.200001,16.790001,14.593215,328500
2006-03-02,16.040001,17.040001,16.040001,16.879999,14.671428,291900
2006-03-03,16.879999,17.110001,16.420000,16.840000,14.636666,448000
2006-03-06,16.809999,17.549999,16.750000,17.240000,14.984338,216100
2006-03-07,17.410000,17.410000,16.940001,17.230000,14.975637,63200
2006-03-08,17.200001,17.340000,16.959999,17.209999,14.958256,76800
2006-03-09,17.090000,17.100000,16.700001,16.900000,14.688818,331800
2006-03-10,16.799999,17.250000,14.850000,15.600000,13.558908,687600
2006-03-13,15.780000,16.730000,15.510000,15.660000,13.611057,251100
2006-03-14,13.850000,14.930000,13.310000,14.580000,12.672362,1273800
2006-03-15,14.500000,14.990000,14.000000,14.460000,12.568063,327300
2006-03-16,14.460000,15.060000,14.010000,14.370000,12.489839,149100
2006-03-17,14.370000,14.370000,13.750000,14.100000,12.255169,357100
2006-03-20,14.180000,14.480000,14.070000,14.200000,12.342083,69700
2006-03-21,14.200000,14.630000,14.110000,14.160000,12.307318,102300
2006-03-22,14.250000,14.250000,14.100000,14.130000,12.281241,103800
2006-03-23,14.140000,14.340000,13.960000,14.270000,12.402925,78400
2006-03-24,14.320000,14.450000,14.120000,14.370000,12.489839,55800
2006-03-27,14.400000,14.960000,14.300000,14.880000,12.933115,172900
2006-03-28,16.000000,16.740000,15.720000,15.750000,13.689279,303800
2006-03-29,16.309999,17.500000,16.309999,17.330000,15.062554,378700
2006-03-30,17.330000,19.000000,16.950001,18.889999,16.418444,410800
2006-03-31,18.980000,19.010000,18.049999,18.639999,16.201159,375500
2006-04-03,18.600000,19.799999,18.110001,18.930000,16.453213,500900
2006-04-04,18.860001,19.040001,18.750000,18.910000,16.435827,135100
2006-04-05,18.840000,19.049999,18.690001,18.820000,16.357601,104000
2006-04-06,18.670000,20.000000,18.670000,19.469999,16.922558,219300
2006-04-07,19.370001,19.600000,18.410000,19.020000,16.531446,361700
2006-04-10,18.770000,18.910000,17.850000,18.200001,15.818729,330000
2006-04-11,18.360001,18.400000,17.219999,17.799999,15.471053,239000
2006-04-12,17.700001,18.420000,17.700001,18.299999,15.905643,157300
2006-04-13,18.070000,18.260000,17.100000,17.420000,15.140785,551500
2006-04-17,17.320000,17.799999,17.160000,17.230000,14.975637,141800
2006-04-18,17.600000,18.400000,17.450001,18.160000,15.783958,470200
2006-04-19,18.070000,18.280001,17.780001,18.059999,15.697043,169500
2006-04-20,18.000000,18.520000,17.879999,18.520000,16.096849,170800
2006-04-21,18.629999,18.750000,18.139999,18.379999,15.975177,108600
2006-04-24,18.379999,18.540001,18.200001,18.469999,16.053398,119300
2006-04-25,18.469999,18.520000,18.250000,18.500000,16.079477,493500
2006-04-26,18.450001,19.219999,18.450001,18.700001,16.253305,345100
2006-04-27,18.600000,18.889999,18.150000,18.400000,15.992558,62000
2006-04-28,18.280001,18.490000,17.980000,18.270000,15.879572,110000
2006-05-01,18.250000,18.490000,16.850000,17.320000,15.053864,371600
2006-05-02,16.920000,19.190001,16.750000,18.910000,16.435827,456500
2006-05-03,19.000000,19.350000,18.680000,19.219999,16.705269,191600
2006-05-04,19.070000,19.150000,18.209999,18.500000,16.079477,121600
2006-05-05,18.600000,19.150000,18.450001,18.500000,16.079477,193800
2006-05-08,18.590000,18.590000,17.370001,17.459999,15.175545,135900
2006-05-09,17.350000,17.350000,16.879999,16.980000,14.758353,199900
2006-05-10,17.400000,17.580000,16.850000,17.360001,15.088632,218500
2006-05-11,17.360001,17.450001,17.200001,17.309999,15.045174,139500
2006-05-12,17.110001,17.420000,16.920000,17.200001,14.949563,79300
2006-05-15,17.000000,17.100000,16.100000,16.510000,14.349847,151400
2006-05-16,16.500000,16.900000,16.490000,16.780001,14.584516,150500
2006-05-17,16.680000,16.690001,16.010000,16.139999,14.028255,139500
2006-05-18,16.180000,16.290001,16.020000,16.049999,13.950031,90800
2006-05-19,16.020000,16.500000,15.890000,16.350000,14.210776,178500
2006-05-22,16.200001,16.430000,16.139999,16.230000,14.106478,119900
2006-05-23,16.410000,17.000000,16.209999,16.230000,14.106478,108800
2006-05-24,16.270000,16.450001,16.000000,16.180000,14.063021,92500
2006-05-25,16.360001,16.719999,16.150000,16.170000,14.054329,93800
2006-05-26,16.290001,16.480000,15.110000,15.590000,13.550218,141200
2006-05-30,15.500000,15.520000,14.950000,15.000000,13.037413,83700
2006-05-31,15.090000,15.260000,14.550000,14.650000,12.733207,129000
2006-06-01,14.730000,15.350000,14.730000,15.330000,13.324237,118600
2006-06-02,15.350000,15.380000,14.830000,15.230000,13.237318,71200
2006-06-05,15.230000,15.500000,14.080000,14.640000,12.724512,141700
2006-06-06,14.250000,14.580000,13.820000,14.360000,12.481149,90700
2006-06-07,14.400000,14.500000,13.930000,13.950000,12.124792,136100
2006-06-08,13.860000,13.900000,12.860000,13.170000,11.446846,172100
2006-06-09,13.170000,13.590000,12.940000,13.000000,11.299090,121200
2006-06-12,13.000000,13.050000,12.190000,12.210000,10.612452,162900
2006-06-13,12.210000,13.250000,12.070000,12.450000,10.821053,71300
2006-06-14,12.400000,12.970000,12.120000,12.610000,10.960118,83700
2006-06-15,12.800000,13.510000,12.650000,13.340000,11.594604,185800
2006-06-16,13.140000,13.240000,12.200000,12.520000,10.881893,515000
2006-06-19,12.490000,12.490000,12.150000,12.220000,10.621146,160700
2006-06-20,12.300000,12.630000,12.150000,12.200000,10.603762,135100
2006-06-21,12.200000,12.460000,12.000000,12.160000,10.568996,169300
2006-06-22,12.180000,12.310000,11.290000,11.740000,10.203947,218600
2006-06-23,11.740000,11.910000,11.510000,11.820000,10.273477,175600
2006-06-26,11.890000,11.970000,11.390000,11.520000,10.012733,198300
2006-06-27,11.520000,11.580000,10.700000,11.000000,9.560770,474100
2006-06-28,11.070000,11.250000,10.900000,11.230000,9.760674,124900
2006-06-29,11.300000,11.500000,11.200000,11.480000,9.977964,112100
2006-06-30,11.470000,11.930000,11.450000,11.830000,10.282176,507200
2006-07-03,11.930000,11.930000,11.560000,11.840000,10.290866,39000
2006-07-05,11.710000,11.720000,11.000000,11.110000,9.656377,158800
2006-07-06,11.100000,11.170000,10.920000,11.090000,9.638994,163800
2006-07-07,10.950000,11.000000,10.530000,10.770000,9.360861,128900
2006-07-10,10.750000,10.960000,9.970000,9.990000,8.682915,466000
2006-07-11,9.950000,10.080000,9.740000,10.010000,8.700299,423900
2006-07-12,9.950000,10.100000,9.760000,9.760000,8.483007,181300
2006-07-13,9.710000,10.200000,9.700000,10.000000,8.691607,229400
2006-07-14,10.030000,10.030000,9.850000,9.900000,8.604691,208400
2006-07-17,9.900000,10.100000,9.740000,10.020000,8.708990,72600
2006-07-18,10.080000,10.200000,9.180000,9.430000,8.196187,131500
2006-07-19,9.630000,11.230000,9.440000,10.850000,9.430396,261400
2006-07-20,10.910000,10.910000,10.050000,10.070000,8.752449,101600
2006-07-21,10.010000,10.050000,9.390000,9.670000,8.404788,97900
2006-07-24,9.730000,10.120000,9.730000,9.930000,8.630763,223700
2006-07-25,9.910000,10.040000,9.480000,9.690000,8.422171,79700
2006-07-26,9.620000,9.900000,9.370000,9.560000,8.309176,119400
2006-07-27,9.650000,9.840000,9.550000,9.550000,8.300483,122700
2006-07-28,9.680000,10.030000,9.400000,9.480000,8.239645,293500
2006-07-31,9.410000,9.790000,9.360000,9.460000,8.222262,556600
2006-08-01,9.540000,9.660000,9.120000,9.290000,8.074502,93000
2006-08-02,9.460000,9.980000,9.430000,9.470000,8.230952,597800
2006-08-03,9.380000,9.710000,9.250000,9.500000,8.257024,319500
2006-08-04,9.630000,9.640000,8.850000,8.860000,7.700763,209100
2006-08-07,8.800000,9.000000,8.710000,8.850000,7.692074,94100
2006-08-08,8.850000,9.000000,8.510000,8.550000,7.431325,107900
2006-08-09,8.590000,8.710000,8.300000,8.350000,7.257493,95700
2006-08-10,8.270000,8.320000,8.050000,8.270000,7.187961,107600
2006-08-11,8.280000,8.310000,8.000000,8.130000,7.066278,99900
2006-08-14,8.200000,8.620000,8.180000,8.270000,7.187961,66400
2006-08-15,8.400000,8.800000,8.400000,8.780000,7.631232,96800
2006-08-16,8.880000,9.180000,8.830000,9.160000,7.961514,256600
2006-08-17,9.100000,9.570000,9.050000,9.540000,8.291794,135000
2006-08-18,9.590000,9.590000,9.180000,9.290000,8.074502,101400
2006-08-21,9.120000,9.280000,8.750000,8.790000,7.639923,78800
2006-08-22,8.730000,9.100000,8.730000,9.090000,7.900671,70700
2006-08-23,9.140000,9.160000,8.750000,8.850000,7.692074,58400
2006-08-24,8.890000,9.000000,8.610000,8.950000,7.778987,147700
2006-08-25,9.000000,9.270000,8.960000,9.060000,7.874595,67300
2006-08-28,9.130000,9.320000,8.640000,8.760000,7.613851,262500
2006-08-29,8.780000,9.670000,8.780000,9.630000,8.370019,113800
2006-08-30,9.660000,9.690000,8.970000,9.220000,8.013661,152600
2006-08-31,9.210000,9.300000,8.880000,9.060000,7.874595,140300
2006-09-01,9.120000,9.200000,9.000000,9.110000,7.918055,45200
2006-09-05,9.140000,9.360000,9.000000,9.320000,8.100579,38100
2006-09-06,9.270000,9.340000,9.050000,9.090000,7.900671,63500
2006-09-07,9.010000,9.600000,8.950000,9.470000,8.230952,126500
2006-09-08,9.530000,9.560000,9.200000,9.330000,8.109270,97200
2006-09-11,9.270000,9.400000,9.190000,9.340000,8.117962,49100
2006-09-12,9.380000,9.560000,9.260000,9.550000,8.300483,51300
2006-09-13,9.520000,9.700000,9.310000,9.640000,8.378710,160500
2006-09-14,9.600000,9.690000,9.480000,9.680000,8.413478,153900
2006-09-15,9.800000,10.170000,9.670000,9.990000,8.682915,209900
2006-09-18,9.980000,10.020000,9.800000,9.930000,8.630763,73500
2006-09-19,9.980000,10.030000,9.520000,9.730000,8.456936,65600
2006-09-20,9.760000,9.980000,9.550000,9.770000,8.491701,51600
2006-09-21,9.840000,9.840000,9.300000,9.340000,8.117962,80000
2006-09-22,9.600000,9.850000,9.370000,9.810000,8.526466,221600
2006-09-25,9.900000,10.180000,9.650000,10.030000,8.717684,353300
2006-09-26,10.050000,10.140000,9.810000,9.860000,8.569925,162100
2006-09-27,9.790000,10.130000,9.760000,10.060000,8.743756,156300
2006-09-28,10.130000,10.130000,9.840000,9.860000,8.569925,109700
2006-09-29,9.850000,9.890000,9.390000,9.460000,8.222262,116400
2006-10-02,9.460000,9.460000,9.060000,9.200000,7.996279,209300
2006-10-03,9.160000,9.570000,9.030000,9.500000,8.257024,170900
2006-10-04,9.520000,9.990000,9.360000,9.870000,8.578616,185000
2006-10-05,9.910000,10.130000,9.870000,10.100000,8.778527,142300
2006-10-06,10.120000,10.120000,9.630000,9.950000,8.648152,107800
2006-10-09,9.880000,10.300000,9.700000,10.260000,8.917591,172500
2006-10-10,10.240000,10.910000,10.060000,10.650000,9.256563,292900
2006-10-11,10.610000,11.100000,10.610000,10.960000,9.526003,227600
2006-10-12,11.500000,13.100000,11.500000,12.400000,10.777593,947100
2006-10-13,12.470000,12.940000,12.240000,12.900000,11.212174,370900
2006-10-16,12.900000,12.900000,12.500000,12.700000,11.038341,201600
2006-10-17,12.570000,12.610000,12.110000,12.380000,10.760212,104100
2006-10-18,12.420000,12.450000,11.830000,12.090000,10.508153,152100
2006-10-19,12.050000,12.610000,12.050000,12.540000,10.899277,151500
2006-10-20,12.630000,12.630000,12.060000,12.140000,10.551610,171100
2006-10-23,12.230000,12.460000,11.920000,12.050000,10.473388,82000
2006-10-24,11.980000,12.220000,11.770000,11.800000,10.256098,104700
2006-10-25,11.780000,11.800000,11.370000,11.590000,10.073575,103000
2006-10-26,11.610000,11.900000,11.410000,11.850000,10.299556,134900
2006-10-27,11.860000,11.880000,11.330000,11.670000,10.143104,96700
2006-10-30,11.550000,12.240000,11.550000,11.960000,10.395164,271700
2006-10-31,10.660000,10.750000,9.480000,10.040000,8.726374,1389500
2006-11-01,10.060000,10.170000,9.840000,9.880000,8.587307,289700
2006-11-02,9.850000,9.910000,9.500000,9.830000,8.543850,195800
2006-11-03,9.830000,10.020000,9.740000,9.980000,8.674224,479300
2006-11-06,10.060000,10.060000,9.820000,9.980000,8.674224,225500
2006-11-07,9.930000,9.990000,9.590000,9.970000,8.665531,464000
2006-11-08,9.940000,10.350000,9.850000,10.140000,8.813288,235900
2006-11-09,10.200000,10.340000,10.080000,10.300000,8.952356,151900
2006-11-10,10.290000,10.500000,10.250000,10.400000,9.039272,152000
2006-11-13,10.370000,10.560000,10.260000,10.530000,9.152262,143700
2006-11-14,10.520000,10.900000,10.410000,10.900000,9.473853,163800
2006-11-15,10.800000,10.980000,10.500000,10.610000,9.221796,217800
2006-11-16,10.730000,10.850000,10.480000,10.780000,9.369553,150600
2006-11-17,10.770000,10.830000,10.640000,10.700000,9.300020,118000
2006-11-20,10.710000,10.930000,10.610000,10.920000,9.491235,44200
2006-11-21,10.950000,11.000000,10.710000,10.870000,9.447778,51700
2006-11-22,10.940000,11.000000,10.660000,10.780000,9.369553,58500
2006-11-24,10.710000,10.770000,10.590000,10.750000,9.343476,45200
2006-11-27,10.680000,10.690000,10.280000,10.300000,8.952356,236900
2006-11-28,10.290000,10.380000,10.230000,10.300000,8.952356,96900
2006-11-29,10.380000,10.640000,10.370000,10.550000,9.169647,62200
2006-11-30,10.390000,10.740000,10.350000,10.650000,9.256563,182400
2006-12-01,10.680000,10.740000,10.410000,10.680000,9.282639,127000
2006-12-04,10.790000,11.150000,10.600000,11.080000,9.630305,213300
2006-12-05,11.150000,11.360000,11.090000,11.320000,9.838902,105800
2006-12-06,11.250000,11.340000,11.070000,11.230000,9.760674,77100
2006-12-07,11.260000,11.260000,10.970000,11.020000,9.578153,94600
2006-12-08,11.000000,11.200000,10.930000,11.170000,9.708526,73200
2006-12-11,11.150000,11.180000,11.010000,11.090000,9.638994,85100
2006-12-12,11.110000,11.160000,10.970000,11.000000,9.560770,112700
2006-12-13,11.040000,11.140000,10.840000,10.900000,9.473853,102100
2006-12-14,10.950000,11.370000,10.860000,11.250000,9.778060,84900
2006-12-15,11.250000,11.320000,10.840000,11.000000,9.560770,375800
2006-12-18,11.000000,11.290000,11.000000,11.230000,9.760674,100200
2006-12-19,11.130000,11.250000,11.000000,11.180000,9.717216,68200
2006-12-20,11.160000,11.300000,11.000000,11.030000,9.586843,86700
2006-12-21,11.060000,11.500000,11.000000,11.250000,9.778060,101100
2006-12-22,11.250000,11.250000,10.940000,11.100000,9.647684,90300
2006-12-26,11.050000,11.330000,11.050000,11.180000,9.717216,34200
2006-12-27,11.240000,11.290000,10.980000,11.050000,9.604228,108600
2006-12-28,11.080000,11.080000,10.940000,11.000000,9.560770,34300
2006-12-29,11.000000,11.180000,10.900000,11.110000,9.656377,87900
2007-01-03,11.200000,11.200000,11.000000,11.150000,9.691142,74500
2007-01-04,11.180000,11.200000,11.000000,11.160000,9.699837,54700
2007-01-05,11.090000,11.240000,10.950000,11.010000,9.569461,86600
2007-01-08,11.010000,11.440000,11.010000,11.440000,9.943200,127100
2007-01-09,11.430000,11.700000,11.330000,11.680000,10.151800,394600
2007-01-10,11.590000,11.840000,11.540000,11.830000,10.282176,90500
2007-01-11,11.830000,11.850000,11.510000,11.700000,10.169182,128400
2007-01-12,11.720000,11.770000,11.500000,11.740000,10.203947,86800
2007-01-16,11.760000,12.160000,11.740000,12.160000,10.568996,332600
2007-01-17,12.090000,12.150000,11.830000,12.070000,10.490771,111700
2007-01-18,12.000000,12.050000,11.540000,11.750000,10.212640,277600
2007-01-19,11.750000,12.080000,11.420000,12.060000,10.482078,146200
2007-01-22,12.000000,12.080000,11.930000,12.000000,10.429927,93500
2007-01-23,11.990000,12.120000,11.900000,12.030000,10.456003,248600
2007-01-24,12.060000,12.430000,12.000000,12.320000,10.708061,129200
2007-01-25,12.330000,12.360000,12.000000,12.040000,10.464699,111300
2007-01-26,12.040000,12.500000,11.950000,12.440000,10.812359,113000
2007-01-29,12.350000,12.500000,12.170000,12.500000,10.864508,80800
2007-01-30,12.500000,12.550000,12.250000,12.380000,10.760212,49900
2007-01-31,12.390000,12.470000,12.150000,12.310000,10.699370,97300
2007-02-01,12.370000,13.000000,12.170000,12.950000,11.255632,127600
2007-02-02,12.970000,13.030000,12.620000,12.910000,11.220869,169300
2007-02-05,12.950000,13.350000,12.910000,13.210000,11.481614,279300
2007-02-06,13.280000,13.300000,13.040000,13.200000,11.472920,89600
2007-02-07,13.100000,13.250000,12.780000,12.960000,11.264327,293800
2007-02-08,12.980000,12.990000,12.610000,12.680000,11.020956,184800
2007-02-09,12.750000,12.930000,12.530000,12.620000,10.968809,157100
2007-02-12,12.700000,12.740000,12.360000,12.600000,10.951425,162400
2007-02-13,13.000000,13.650000,13.000000,13.620000,11.837972,514900
2007-02-14,13.700000,13.820000,13.500000,13.770000,11.968343,253000
2007-02-15,13.710000,13.780000,13.590000,13.730000,11.933577,93400
2007-02-16,13.730000,13.750000,13.500000,13.710000,11.916198,134400
2007-02-20,13.650000,13.930000,13.510000,13.870000,12.055260,100000
2007-02-21,13.730000,13.910000,13.490000,13.670000,11.881430,187500
2007-02-22,13.670000,13.940000,13.550000,13.900000,12.081334,361700
2007-02-23,13.250000,13.560000,13.250000,13.500000,11.733671,305000
2007-02-26,13.510000,13.530000,13.260000,13.280000,11.542456,222200
2007-02-27,13.080000,13.250000,12.700000,12.990000,11.290397,297400
2007-02-28,12.910000,13.320000,12.620000,12.690000,11.029649,308900
2007-03-01,12.560000,13.050000,12.450000,12.960000,11.264327,240400
2007-03-02,12.940000,13.140000,12.780000,12.990000,11.290397,130900
2007-03-05,12.810000,13.130000,12.600000,12.640000,10.986191,273700
2007-03-06,12.730000,12.900000,12.680000,12.850000,11.168718,51600
2007-03-07,12.810000,12.880000,12.400000,12.860000,11.177406,120300
2007-03-08,12.860000,12.940000,12.650000,12.830000,11.151333,82000
2007-03-09,12.910000,13.080000,12.840000,13.060000,11.351240,310500
2007-03-12,13.200000,13.660000,13.160000,13.550000,11.777131,128200
2007-03-13,13.430000,13.440000,12.940000,13.180000,11.455539,204300
2007-03-14,13.120000,13.500000,12.950000,13.350000,11.603299,123200
2007-03-15,13.370000,13.370000,12.950000,13.110000,11.394698,111100
2007-03-16,13.100000,13.550000,13.000000,13.330000,11.585913,203300
2007-03-19,13.390000,13.760000,13.390000,13.500000,11.733671,121800
2007-03-20,13.530000,13.530000,13.280000,13.350000,11.603299,64700
2007-03-21,13.310000,13.400000,13.080000,13.330000,11.585913,88400
2007-03-22,13.400000,13.440000,13.220000,13.310000,11.568530,76800
2007-03-23,13.230000,13.420000,13.010000,13.130000,11.412082,72300
2007-03-26,13.080000,13.250000,12.920000,13.250000,11.516377,37800
2007-03-27,13.160000,13.160000,12.820000,13.100000,11.386004,60000
2007-03-28,13.010000,13.070000,12.910000,13.010000,11.307781,52700
2007-03-29,13.120000,13.160000,12.880000,13.070000,11.359930,90000
2007-03-30,13.050000,13.050000,12.680000,12.900000,11.212174,188200
2007-04-02,12.980000,12.990000,12.660000,12.900000,11.212174,173300
2007-04-03,12.980000,13.350000,12.820000,12.840000,11.160018,174700
2007-04-04,12.810000,13.000000,12.670000,12.970000,11.273017,40400
2007-04-05,12.940000,13.110000,12.800000,13.040000,11.333858,140100
2007-04-09,13.070000,13.130000,13.020000,13.100000,11.386004,78500
2007-04-10,13.060000,13.360000,13.050000,13.350000,11.603299,95700
2007-04-11,13.310000,13.310000,12.710000,12.730000,11.064418,180800
2007-04-12,12.670000,12.940000,12.670000,12.920000,11.229557,88600
2007-04-13,12.890000,13.050000,12.700000,13.030000,11.325166,49000
2007-04-16,13.080000,13.500000,13.040000,13.400000,11.646755,181000
2007-04-17,13.380000,13.640000,12.960000,13.000000,11.299090,165900
2007-04-18,12.980000,13.130000,12.870000,12.880000,11.194792,84700
2007-04-19,12.820000,12.930000,12.710000,12.890000,11.203482,64900
2007-04-20,13.120000,13.120000,12.710000,12.740000,11.073111,108500
2007-04-23,12.700000,13.230000,12.700000,13.200000,11.472920,150700
2007-04-24,13.160000,13.440000,13.020000,13.330000,11.585913,136100
2007-04-25,13.420000,13.600000,13.130000,13.460000,11.698904,136500
2007-04-26,13.250000,13.370000,12.810000,12.910000,11.220869,260700
2007-04-27,13.680000,14.990000,13.520000,14.080000,12.237785,715700
2007-04-30,14.050000,14.150000,13.390000,13.640000,11.855353,468800
2007-05-01,13.680000,13.960000,13.390000,13.620000,11.837972,268500
2007-05-02,13.600000,13.950000,13.390000,13.750000,11.950960,244800
2007-05-03,13.440000,13.900000,13.440000,13.800000,11.994419,132900
2007-05-04,13.860000,14.000000,13.670000,14.000000,12.168253,84600
2007-05-07,14.100000,14.510000,14.010000,14.340000,12.463768,286800
2007-05-08,14.350000,14.350000,13.970000,14.100000,12.255169,164000
2007-05-09,14.030000,14.280000,13.960000,14.170000,12.316007,119800
2007-05-10,14.060000,14.060000,13.530000,13.680000,11.890119,82700
2007-05-11,13.860000,14.270000,13.670000,13.970000,12.142175,86200
2007-05-14,13.940000,14.090000,13.790000,13.920000,12.098720,118000
2007-05-15,13.940000,14.440000,13.940000,14.280000,12.411614,264200
2007-05-16,16.459999,17.580000,16.450001,16.620001,14.445449,1546300
2007-05-17,16.920000,17.469999,16.670000,16.980000,14.758353,877100
2007-05-18,17.000000,17.980000,17.000000,17.690001,15.375455,1047800
2007-05-21,17.559999,17.799999,17.530001,17.700001,15.384148,298400
2007-05-22,17.639999,17.780001,17.219999,17.650000,15.340693,229600
2007-05-23,17.850000,18.000000,17.430000,17.469999,15.184239,204300
2007-05-24,17.420000,17.700001,16.719999,16.969999,14.749658,136600
2007-05-25,17.000000,17.000000,16.750000,16.780001,14.584516,217800
2007-05-29,16.809999,17.379999,16.809999,17.049999,14.819191,226500
2007-05-30,16.799999,16.980000,16.770000,16.850000,14.645358,123000
2007-05-31,16.740000,17.040001,16.700001,16.920000,14.706199,249500
2007-06-01,17.139999,17.480000,16.980000,17.450001,15.166857,260800
2007-06-04,17.350000,17.540001,16.760000,17.000000,14.775732,179500
2007-06-05,16.950001,17.219999,16.790001,17.120001,14.880033,170000
2007-06-06,17.030001,17.030001,16.700001,16.840000,14.636666,93700
2007-06-07,16.719999,16.950001,16.160000,16.510000,14.349847,169700
2007-06-08,16.480000,17.240000,16.480000,17.020000,14.793113,173200
2007-06-11,17.110001,17.150000,16.879999,17.129999,14.888726,199300
2007-06-12,17.000000,17.139999,16.639999,16.719999,14.532367,102900
2007-06-13,16.740000,17.370001,16.600000,17.250000,14.993020,205500
2007-06-14,17.209999,17.469999,17.110001,17.219999,14.966946,167700
2007-06-15,17.500000,17.559999,16.910000,17.040001,14.810495,240100
2007-06-18,17.120001,17.450001,17.120001,17.389999,15.114708,104000
2007-06-19,17.280001,17.450001,17.080000,17.410000,15.132089,79300
2007-06-20,17.450001,17.450001,16.840000,16.889999,14.680125,107600
2007-06-21,16.840000,17.420000,16.770000,17.290001,15.027792,121300
2007-06-22,17.299999,17.430000,16.780001,17.010000,14.784424,159400
2007-06-25,17.010000,17.450001,16.870001,17.049999,14.819191,129300
2007-06-26,17.000000,17.350000,16.770000,17.070000,14.836578,112300
2007-06-27,16.930000,17.790001,16.850000,17.780001,15.453681,187100
2007-06-28,17.900000,17.900000,17.650000,17.709999,15.392838,148900
2007-06-29,17.809999,17.900000,17.190001,17.450001,15.166857,174200
2007-07-02,17.610001,17.889999,17.400000,17.760000,15.436293,181700
2007-07-03,17.770000,17.900000,17.280001,17.830000,15.497140,100800
2007-07-05,17.910000,17.990000,17.520000,17.639999,15.331995,230300
2007-07-06,17.600000,17.850000,17.530001,17.719999,15.401526,88600
2007-07-09,17.719999,17.910000,17.610001,17.639999,15.331995,126800
2007-07-10,17.469999,18.450001,17.469999,18.240000,15.853487,697900
2007-07-11,18.309999,18.889999,17.879999,18.270000,15.879572,472000
2007-07-12,18.350000,18.700001,18.160000,18.559999,16.131620,358400
2007-07-13,18.450001,18.680000,18.240000,18.459999,16.044704,146300
2007-07-16,18.330000,18.830000,18.020000,18.230000,15.844801,202100
2007-07-17,18.200001,18.430000,18.139999,18.200001,15.818729,171700
2007-07-18,18.059999,18.270000,17.580000,17.969999,15.618818,340100
2007-07-19,18.059999,18.469999,17.959999,18.080000,15.714425,185400
2007-07-20,18.000000,18.059999,17.780001,17.830000,15.497140,181400
2007-07-23,17.969999,18.170000,17.459999,17.809999,15.479749,159600
2007-07-24,17.620001,17.850000,16.760000,17.469999,15.184239,314000
2007-07-25,17.559999,17.580000,16.500000,17.030001,14.801813,205100
2007-07-26,16.740000,16.799999,16.000000,16.510000,14.349847,258100
2007-07-27,16.490000,16.730000,16.000000,16.000000,13.906571,204800
2007-07-30,16.000000,16.480000,15.840000,16.410000,14.262925,331200
2007-07-31,16.410000,16.920000,16.410000,16.719999,14.532367,582600
2007-08-01,17.450001,18.469999,17.150000,17.980000,15.627510,1016700
2007-08-02,18.160000,19.030001,17.990000,18.980000,16.496674,638600
2007-08-03,18.740000,19.080000,18.570000,18.770000,16.314142,502100
2007-08-06,18.900000,18.969999,18.299999,18.600000,16.166389,350200
2007-08-07,18.600000,18.799999,18.469999,18.600000,16.166389,331200
2007-08-08,18.830000,19.000000,18.350000,18.700001,16.253305,506100
2007-08-09,18.600000,19.299999,16.200001,17.879999,15.540594,903100
2007-08-10,17.639999,18.420000,16.980000,18.209999,15.827418,389500
2007-08-13,18.420000,19.440001,18.320000,18.600000,16.166389,356600
2007-08-14,18.700001,18.920000,18.280001,18.559999,16.131620,298100
2007-08-15,18.610001,19.150000,18.520000,18.780001,16.322838,495400
2007-08-16,18.730000,18.969999,17.940001,18.790001,16.331530,448300
2007-08-17,19.260000,19.260000,18.620001,18.980000,16.496674,335900
2007-08-20,19.100000,19.740000,19.070000,19.590000,17.026857,329900
2007-08-21,19.500000,19.850000,19.110001,19.770000,17.183310,321000
2007-08-22,19.850000,20.000000,19.730000,19.940001,17.331062,363700
2007-08-23,19.850000,19.990000,19.559999,19.820000,17.226767,339600
2007-08-24,19.950001,20.120001,19.670000,20.120001,17.487513,548500
2007-08-27,20.049999,20.180000,19.889999,20.110001,17.478823,255400
2007-08-28,19.940001,20.139999,19.879999,20.059999,17.435368,340200
2007-08-29,20.049999,20.370001,19.950001,20.340000,17.678732,573400
2007-08-30,20.100000,20.450001,19.940001,20.379999,17.713491,366800
2007-08-31,20.450001,20.580000,20.320000,20.480000,17.800411,296600
2007-09-04,20.309999,20.889999,19.570000,20.629999,17.930786,336300
2007-09-05,20.540001,20.980000,20.430000,20.889999,18.156771,458400
2007-09-06,20.940001,21.110001,20.690001,20.980000,18.234991,587700
2007-09-07,20.730000,20.799999,20.350000,20.690001,17.982935,319700
2007-09-10,20.860001,21.490000,20.350000,21.230000,18.452284,345000
2007-09-11,21.360001,22.129999,21.139999,21.940001,19.069389,713300
2007-09-12,21.900000,21.959999,21.559999,21.690001,18.852098,291000
2007-09-13,21.870001,21.870001,20.770000,20.809999,18.087238,370000
2007-09-14,20.639999,20.690001,19.670000,20.260000,17.609198,638300
2007-09-17,20.160000,20.610001,20.160000,20.450001,17.774342,395500
2007-09-18,20.600000,21.980000,20.549999,21.760000,18.912939,542100
2007-09-19,21.770000,22.260000,21.770000,22.120001,19.225840,585700
2007-09-20,23.940001,25.730000,23.940001,25.450001,22.120138,3709700
2007-09-21,25.670000,25.959999,24.750000,25.059999,21.781166,995400
2007-09-24,25.309999,25.389999,24.750000,25.000000,21.729015,380000
2007-09-25,24.770000,25.500000,24.770000,25.110001,21.824631,350700
2007-09-26,24.770000,25.490000,24.770000,24.900000,21.642105,444000
2007-09-27,25.000000,25.900000,24.900000,25.610001,22.259207,525500
2007-09-28,25.690001,25.809999,25.270000,25.400000,22.076681,349300
2007-10-01,25.500000,26.139999,24.870001,25.120001,21.833323,1442100
2007-10-02,26.000000,26.160000,25.450001,25.950001,22.554728,1217700
2007-10-03,25.799999,26.000000,25.740000,25.969999,22.572107,423500
2007-10-04,24.420000,24.420000,22.400000,23.370001,20.312284,1239200
2007-10-05,23.250000,24.340000,23.250000,24.100000,20.946775,857900
2007-10-08,23.090000,23.510000,22.730000,23.440001,20.373131,465000
2007-10-09,23.410000,23.770000,23.090000,23.570000,20.486120,396400
2007-10-10,23.570000,23.820000,22.900000,23.500000,20.425280,260100
2007-10-11,23.650000,23.719999,22.370001,22.850000,19.860323,345000
2007-10-12,22.940001,23.500000,22.760000,23.200001,20.164536,241700
2007-10-15,23.170000,23.379999,22.650000,23.000000,19.990694,211900
2007-10-16,22.910000,23.959999,22.700001,23.870001,20.746870,316400
2007-10-17,23.400000,24.200001,23.389999,24.080000,20.929398,424200
2007-10-18,24.000000,24.389999,23.379999,24.379999,21.190142,244900
2007-10-19,24.360001,24.430000,22.959999,22.959999,19.955929,245600
2007-10-22,22.750000,23.520000,22.059999,23.180000,20.147150,301600
2007-10-23,23.500000,23.950001,22.780001,23.400000,20.338364,218400
2007-10-24,23.250000,23.440001,22.340000,22.920000,19.921169,264500
2007-10-25,22.580000,22.580000,21.930000,22.260000,19.347517,449200
2007-10-26,22.600000,22.730000,22.230000,22.620001,19.660414,248600
2007-10-29,22.950001,23.469999,22.170000,23.370001,20.312284,360700
2007-10-30,22.730000,23.459999,22.730000,23.110001,20.086304,355600
2007-10-31,24.379999,24.700001,21.250000,21.930000,19.060699,1031900
2007-11-01,21.760000,22.500000,21.450001,21.940001,19.069389,458600
2007-11-02,22.000000,22.000000,21.150000,21.620001,18.791256,822900
2007-11-05,21.020000,22.389999,21.010000,22.190001,19.286676,431800
2007-11-06,22.490000,22.590000,21.219999,21.559999,18.739105,285400
2007-11-07,21.420000,21.790001,20.750000,20.770000,18.052471,287400
2007-11-08,20.700001,21.490000,19.320000,20.030001,17.409286,1109800
2007-11-09,19.889999,20.350000,19.750000,19.820000,17.226767,358900
2007-11-12,19.750000,20.120001,19.290001,19.549999,16.992096,437300
2007-11-13,19.690001,20.100000,19.299999,19.799999,17.209381,277200
2007-11-14,19.930000,20.090000,19.440001,19.750000,17.165920,290000
2007-11-15,19.750000,19.940001,19.280001,19.500000,16.948633,626600
2007-11-16,19.500000,19.900000,19.270000,19.709999,17.131157,300100
2007-11-19,19.360001,19.570000,19.040001,19.150000,16.644430,261500
2007-11-20,19.170000,19.270000,18.129999,18.590000,16.157698,301700
2007-11-21,18.500000,18.650000,17.840000,18.350000,15.949098,309800
2007-11-23,18.480000,18.650000,18.040001,18.379999,15.975177,60700
2007-11-26,18.330000,18.600000,18.209999,18.459999,16.044704,528500
2007-11-27,18.350000,19.110001,18.350000,18.770000,16.314142,271800
2007-11-28,18.920000,19.700001,18.790001,19.610001,17.044245,225600
2007-11-29,19.370001,19.889999,18.850000,19.850000,17.252842,406100
2007-11-30,19.900000,19.910000,18.809999,19.080000,16.583588,499400
2007-12-03,19.010000,19.430000,18.730000,18.730000,16.279385,417800
2007-12-04,18.670000,18.940001,18.240000,18.549999,16.122940,401000
2007-12-05,18.690001,19.459999,18.500000,19.450001,16.905178,355600
2007-12-06,19.530001,21.530001,19.450001,21.200001,18.426214,728700
2007-12-07,21.299999,21.299999,20.580000,21.180000,18.408825,307600
2007-12-10,21.190001,21.540001,21.080000,21.340000,18.547890,204200
2007-12-11,21.400000,22.790001,21.400000,22.170000,19.269295,470100
2007-12-12,22.620001,22.820000,22.100000,22.559999,19.608273,380000
2007-12-13,22.320000,22.370001,21.020000,21.709999,18.869482,602500
2007-12-14,21.530001,21.760000,20.580000,20.680000,17.974245,563500
2007-12-17,20.590000,20.830000,19.639999,19.639999,17.070324,345200
2007-12-18,19.820000,20.000000,19.160000,19.770000,17.183310,383900
2007-12-19,20.780001,21.980000,20.459999,21.520000,18.704340,685400
2007-12-20,21.990000,21.990000,21.020000,21.670000,18.834715,317600
2007-12-21,21.959999,22.600000,21.840000,22.350000,19.425743,496300
2007-12-24,22.350000,22.400000,21.940001,22.200001,19.295368,81400
2007-12-26,22.059999,22.350000,21.750000,22.090000,19.199760,133200
2007-12-27,22.020000,22.230000,21.219999,21.280001,18.495741,196000
2007-12-28,21.389999,21.809999,21.000000,21.350000,18.556580,203100
2007-12-31,21.200001,21.850000,21.200001,21.469999,18.660877,213500
2008-01-02,21.850000,22.360001,21.200001,21.379999,18.582657,439700
2008-01-03,21.389999,21.389999,20.660000,20.799999,18.078545,293400
2008-01-04,20.620001,20.670000,19.950001,20.230000,17.583124,304800
2008-01-07,20.299999,20.400000,18.330000,18.440001,16.027323,1044200
2008-01-08,18.559999,18.980000,17.299999,17.299999,15.036489,737400
2008-01-09,17.299999,18.000000,16.580000,17.000000,14.775732,935300
2008-01-10,16.870001,17.100000,16.510000,16.770000,14.575829,698200
2008-01-11,16.770000,16.900000,16.309999,16.340000,14.202087,481200
2008-01-14,16.549999,17.190001,16.459999,17.030001,14.801813,419600
2008-01-15,17.719999,18.000000,16.570000,16.730000,14.541059,587900
2008-01-16,16.709999,17.000000,16.250000,16.500000,14.341153,674900
2008-01-17,16.590000,16.809999,15.990000,16.040001,13.941336,473200
2008-01-18,16.030001,16.549999,15.860000,16.260000,14.132555,346500
2008-01-22,15.610000,16.280001,15.040000,15.960000,13.871805,672400
2008-01-23,15.550000,16.059999,15.240000,16.000000,13.906571,501700
2008-01-24,16.059999,16.730000,15.870000,16.340000,14.202087,550800
2008-01-25,16.520000,16.889999,15.910000,15.960000,13.871805,305500
2008-01-28,15.900000,16.760000,15.900000,16.480000,14.323769,451200
2008-01-29,16.610001,16.610001,15.640000,15.860000,13.784889,426100
2008-01-30,15.780000,16.320000,15.700000,15.880000,13.802272,157900
2008-01-31,15.670000,16.379999,15.580000,15.640000,13.593676,180600
2008-02-01,15.380000,15.650000,14.780000,15.320000,13.315544,779600
2008-02-04,15.500000,15.770000,15.160000,15.480000,13.454607,633300
2008-02-05,14.990000,15.690000,14.990000,15.500000,13.471992,993500
2008-02-06,16.670000,16.900000,15.160000,15.360000,13.350310,864500
2008-02-07,15.240000,15.610000,14.640000,15.590000,13.550218,1140500
2008-02-08,15.500000,15.910000,15.250000,15.600000,13.558908,877400
2008-02-11,16.040001,17.110001,16.040001,16.540001,14.375921,1019100
2008-02-12,16.590000,16.780001,15.970000,16.110001,14.002184,304300
2008-02-13,16.100000,17.080000,15.970000,17.049999,14.819191,283300
2008-02-14,17.049999,17.100000,16.660000,16.730000,14.541059,270600
2008-02-15,16.600000,16.750000,16.260000,16.709999,14.523676,463200
2008-02-19,16.930000,16.930000,16.320000,16.420000,14.271623,319300
2008-02-20,16.270000,16.350000,16.040001,16.180000,14.063021,316200
2008-02-21,16.260000,16.530001,15.650000,15.710000,13.654516,225200
2008-02-22,15.770000,15.950000,15.250000,15.510000,13.480682,193200
2008-02-25,15.550000,16.090000,15.510000,15.840000,13.767506,520200
2008-02-26,15.720000,16.370001,15.720000,16.340000,14.202087,385800
2008-02-27,16.209999,17.290001,15.940000,17.020000,14.793113,682900
2008-02-28,17.030001,17.219999,16.420000,16.639999,14.462833,225800
2008-02-29,16.430000,17.049999,16.430000,16.639999,14.462833,685100
2008-03-03,16.889999,16.889999,16.379999,16.490000,14.332460,502800
2008-03-04,16.500000,16.959999,16.209999,16.570000,14.401990,807300
2008-03-05,16.629999,17.080000,16.549999,16.820000,14.619284,274100
2008-03-06,16.750000,17.040001,16.110001,16.129999,14.019562,275300
2008-03-07,15.990000,16.959999,15.990000,16.400000,14.254237,386500
2008-03-10,16.469999,16.730000,16.250000,16.309999,14.176006,284300
2008-03-11,16.760000,16.770000,16.350000,16.700001,14.514986,227000
2008-03-12,16.540001,17.240000,16.540001,16.910000,14.697502,280600
2008-03-13,16.680000,16.719999,16.139999,16.590000,14.419374,406500
2008-03-14,16.740000,16.850000,16.059999,16.260000,14.132555,253300
2008-03-17,16.049999,16.780001,16.049999,16.340000,14.202087,207100
2008-03-18,16.620001,18.200001,16.620001,17.809999,15.479749,404900
2008-03-19,17.980000,18.070000,17.750000,18.010000,15.653585,453500
2008-03-20,18.010000,18.110001,17.629999,17.790001,15.462374,700300
2008-03-24,17.900000,18.389999,17.889999,18.150000,15.775269,375900
2008-03-25,18.010000,18.129999,17.450001,18.049999,15.688353,215600
2008-03-26,18.000000,18.190001,17.450001,18.059999,15.697043,219500
2008-03-27,18.040001,18.129999,17.660000,17.680000,15.366762,135000
2008-03-28,17.230000,17.780001,17.000000,17.559999,15.262465,465000
2008-03-31,17.549999,17.799999,17.100000,17.629999,15.323302,251600
2008-04-01,17.920000,18.400000,17.910000,18.150000,15.775269,257400
2008-04-02,17.959999,18.900000,17.879999,18.570000,16.140320,518400
2008-04-03,18.480000,19.320000,18.049999,19.240000,16.722647,415100
2008-04-04,19.260000,19.770000,18.900000,19.730000,17.148546,585200
2008-04-07,20.290001,20.750000,19.760000,20.059999,17.435368,416400
2008-04-08,20.000000,20.530001,19.920000,20.500000,17.817797,455400
2008-04-09,20.500000,20.850000,20.370001,20.500000,17.817797,477400
2008-04-10,20.559999,21.360001,20.040001,20.889999,18.156771,704900
2008-04-11,20.760000,20.770000,20.150000,20.250000,17.600508,386100
2008-04-14,20.299999,20.820000,20.000000,20.540001,17.852564,282800
2008-04-15,20.400000,21.080000,20.150000,20.559999,17.869942,400300
2008-04-16,20.809999,21.700001,20.680000,21.500000,18.686953,514800
2008-04-17,21.360001,21.660000,20.379999,20.790001,18.069855,251700
2008-04-18,21.170000,21.830000,20.850000,21.660000,18.826015,533400
2008-04-21,21.670000,21.700001,21.000000,21.260000,18.478361,278700
2008-04-22,21.080000,21.299999,20.420000,20.969999,18.226295,416800
2008-04-23,21.020000,21.389999,20.670000,20.980000,18.234991,215100
2008-04-24,20.950001,21.910000,20.549999,21.250000,18.469660,361500
2008-04-25,21.500000,21.690001,20.320000,21.240000,18.460978,465600
2008-04-28,20.980000,21.129999,20.610001,20.780001,18.061163,223600
2008-04-29,21.020000,21.750000,21.010000,21.219999,18.443592,1341700
2008-04-30,21.240000,23.469999,20.809999,22.900000,19.903778,4443300
2008-05-01,23.530001,24.120001,23.100000,23.780001,20.668646,1181700
2008-05-02,24.180000,24.379999,23.400000,23.900000,20.772938,526400
2008-05-05,24.040001,24.040001,23.590000,23.809999,20.694706,404600
2008-05-06,23.620001,24.059999,23.299999,23.920000,20.790327,542900
2008-05-07,23.950001,24.320000,23.070000,23.250000,20.207987,528200
2008-05-08,23.260000,23.389999,21.870001,23.000000,19.990694,887800
2008-05-09,22.750000,23.200001,22.370001,23.030001,20.016777,339000
2008-05-12,23.260000,24.370001,23.260000,23.969999,20.833784,681000
2008-05-13,23.780001,25.200001,23.020000,25.040001,21.763786,1368600
2008-05-14,25.110001,25.860001,24.870001,25.180000,21.885469,1089500
2008-05-15,25.180000,25.250000,24.760000,25.170000,21.876780,606100
2008-05-16,25.209999,25.250000,24.480000,25.049999,21.772476,412200
2008-05-19,25.230000,25.400000,24.299999,24.559999,21.346584,550300
2008-05-20,24.270000,24.330000,23.450001,24.240000,21.068459,415700
2008-05-21,24.129999,24.719999,24.000000,24.260000,21.085842,504600
2008-05-22,23.820000,23.820000,22.160000,23.049999,20.034157,1431500
2008-05-23,22.740000,23.260000,22.459999,23.090000,20.068924,367100
2008-05-27,22.969999,23.049999,22.530001,23.000000,19.990694,333000
2008-05-28,23.020000,23.100000,22.760000,23.100000,20.077618,250300
2008-05-29,23.040001,23.700001,23.010000,23.639999,20.546953,611100
2008-05-30,23.700001,24.420000,23.400000,24.230000,21.059759,795600
2008-06-02,24.510000,25.000000,24.250000,24.670000,21.442194,676400
2008-06-03,24.820000,25.330000,24.250000,24.459999,21.259676,713200
2008-06-04,24.320000,24.709999,24.100000,24.240000,21.068459,421100
2008-06-05,24.430000,26.900000,24.379999,26.820000,23.310894,2739800
2008-06-06,27.290001,27.500000,25.389999,25.799999,22.424349,1819700
2008-06-09,26.150000,26.150000,23.049999,24.459999,21.259676,2281400
2008-06-10,23.459999,24.700001,23.250000,24.530001,21.320511,1151200
2008-06-11,24.469999,24.700001,23.370001,23.430000,20.364435,805100
2008-06-12,23.500000,23.740000,22.840000,23.360001,20.303600,1941200
2008-06-13,23.150000,24.520000,23.020000,24.340000,21.155373,1487400
2008-06-16,24.410000,26.170000,23.809999,25.840000,22.459114,1157100
2008-06-17,25.660000,26.139999,24.700001,24.870001,21.616032,557700
2008-06-18,25.110001,25.500000,24.040001,24.480000,21.277058,588600
2008-06-19,24.420000,25.700001,24.010000,25.480000,22.146221,673000
2008-06-20,25.350000,25.350000,24.070000,24.639999,21.416122,662300
2008-06-23,24.889999,24.900000,23.270000,23.290001,20.242754,798300
2008-06-24,23.150000,23.709999,21.990000,22.389999,19.460506,1318200
2008-06-25,22.400000,23.230000,22.400000,22.719999,19.747324,500800
2008-06-26,22.389999,22.500000,21.440001,21.570000,18.747799,681100
2008-06-27,21.420000,21.770000,20.850000,21.510000,18.695652,1280400
2008-06-30,21.610001,22.000000,21.510000,21.620001,18.791256,712900
2008-07-01,21.480000,22.930000,21.120001,22.889999,19.895092,1024600
2008-07-02,23.040001,24.150000,23.040001,23.139999,20.112387,1055900
2008-07-03,23.059999,23.920000,22.110001,22.889999,19.895092,551100
2008-07-07,23.070000,23.830000,22.980000,23.379999,20.320974,743500
2008-07-08,23.469999,24.740000,22.620001,24.610001,21.390045,805700
2008-07-09,24.730000,24.790001,23.400000,23.540001,20.460049,1047700
2008-07-10,23.660000,24.160000,23.180000,23.870001,20.746870,606300
2008-07-11,23.340000,23.719999,22.280001,22.920000,19.921169,789000
2008-07-14,23.200001,23.490000,22.520000,23.180000,20.147150,389900
2008-07-15,22.879999,23.590000,22.320000,22.799999,19.816866,536600
2008-07-16,22.940001,24.219999,22.860001,24.000000,20.859854,573900
2008-07-17,24.309999,24.430000,23.410000,24.170000,21.007616,796400
2008-07-18,24.340000,24.639999,24.040001,24.200001,21.033699,678400
2008-07-21,24.340000,24.379999,23.299999,23.930000,20.799015,293300
2008-07-22,23.860001,23.860001,22.070000,22.590000,19.634344,844300
2008-07-23,23.010000,23.730000,22.799999,22.990000,19.982006,559800
2008-07-24,23.000000,23.000000,22.400000,22.730000,19.756029,513800
2008-07-25,23.000000,23.000000,22.280001,22.530001,19.582188,236700
2008-07-28,23.000000,23.049999,21.540001,21.740000,18.895555,546200
2008-07-29,21.620001,22.670000,21.620001,22.469999,19.530037,602900
2008-07-30,22.340000,22.639999,21.780001,22.299999,19.382284,371500
2008-07-31,22.500000,22.600000,21.580000,21.750000,18.904249,616200
2008-08-01,23.379999,24.150000,21.950001,23.700001,20.599112,1777100
2008-08-04,24.620001,25.629999,24.170000,25.139999,21.850704,1716600
2008-08-05,25.120001,25.299999,24.120001,24.910000,21.650793,1376100
2008-08-06,24.920000,25.680000,24.620001,25.420000,22.094067,946800
2008-08-07,25.299999,26.500000,25.100000,26.010000,22.606874,1152200
2008-08-08,25.450001,26.250000,25.120001,25.830000,22.450424,1162700
2008-08-11,25.799999,29.070000,25.500000,27.910000,24.258278,3631000
2008-08-12,28.770000,28.900000,27.250000,27.650000,24.032295,1465600
2008-08-13,27.650000,27.650000,23.610001,25.910000,22.519960,3328300
2008-08-14,25.290001,26.770000,24.120001,26.549999,23.076218,1064600
2008-08-15,26.700001,26.790001,24.500000,24.870001,21.616032,972900
2008-08-18,24.900000,25.309999,23.660000,24.040001,20.894629,727100
2008-08-19,23.680000,24.180000,22.709999,22.799999,19.816866,1267100
2008-08-20,22.629999,23.370001,22.559999,22.950001,19.947241,895500
2008-08-21,22.610001,23.480000,22.580000,22.990000,19.982006,338800
2008-08-22,23.010000,23.500000,22.860001,23.290001,20.242754,319000
2008-08-25,23.500000,24.059999,23.110001,23.540001,20.460049,763900
2008-08-26,23.549999,23.930000,23.270000,23.469999,20.399204,417900
2008-08-27,23.469999,23.900000,23.059999,23.450001,20.381823,460700
2008-08-28,23.629999,24.629999,23.330000,24.450001,21.250982,595300
2008-08-29,24.270000,24.430000,23.660000,24.320000,21.137993,659900
2008-09-02,24.740000,25.219999,24.510000,25.160000,21.868082,856300
2008-09-03,25.000000,25.080000,23.719999,23.820000,20.703411,1039500
2008-09-04,23.660000,23.670000,20.900000,21.490000,18.678263,1409300
2008-09-05,21.209999,21.440001,20.540001,21.139999,18.374060,1438900
2008-09-08,22.780001,23.379999,21.590000,22.190001,19.286676,1438600
2008-09-09,22.080000,22.250000,20.290001,20.480000,17.800411,960300
2008-09-10,20.530001,21.000000,20.110001,20.690001,17.982935,560600
2008-09-11,20.500000,20.580000,19.270000,20.090000,17.461439,1154300
2008-09-12,20.000000,20.459999,19.389999,20.020000,17.400599,724700
2008-09-15,19.450001,19.600000,18.400000,18.500000,16.079477,839300
2008-09-16,18.070000,18.530001,16.860001,18.209999,15.827418,1509400
2008-09-17,17.820000,18.520000,17.200001,18.280001,15.888261,797800
2008-09-18,18.610001,19.090000,17.959999,18.680000,16.235924,860700
2008-09-19,19.650000,20.650000,18.770000,19.080000,16.583588,1378200
2008-09-22,19.129999,19.490000,18.510000,18.770000,16.314142,412200
2008-09-23,18.750000,19.200001,18.660000,18.930000,16.453213,499200
2008-09-24,18.879999,19.730000,18.530001,19.360001,16.826956,921400
2008-09-25,19.360001,19.900000,19.309999,19.520000,16.966015,456700
2008-09-26,19.059999,19.520000,18.420000,18.559999,16.131620,654900
2008-09-29,18.190001,18.230000,15.980000,16.049999,13.950031,1061400
2008-09-30,16.120001,17.549999,16.120001,17.370001,15.097319,787000
2008-10-01,17.230000,17.370001,16.700001,16.840000,14.636666,393700
2008-10-02,16.790001,16.980000,15.580000,15.780000,13.715353,514100
2008-10-03,15.950000,16.540001,15.350000,15.520000,13.489376,668900
2008-10-06,15.120000,15.150000,13.900000,14.640000,12.724512,1140300
2008-10-07,14.710000,14.980000,13.290000,13.300000,11.559835,830200
2008-10-08,13.090000,15.000000,13.090000,13.950000,12.124792,1051300
2008-10-09,14.570000,15.120000,13.460000,13.670000,11.881430,817000
2008-10-10,13.210000,14.370000,12.530000,13.190000,11.464229,1425300
2008-10-13,13.770000,15.250000,13.530000,15.180000,13.193862,887900
2008-10-14,15.500000,16.559999,15.380000,16.480000,14.323769,1159600
2008-10-15,16.100000,16.410000,14.480000,14.510000,12.611523,837600
2008-10-16,14.600000,15.970000,13.880000,15.820000,13.750123,685600
2008-10-17,15.430000,16.650000,15.430000,15.480000,13.454607,617000
2008-10-20,15.680000,15.880000,14.560000,14.980000,13.020027,627700
2008-10-21,14.640000,14.980000,13.920000,14.120000,12.272550,597700
2008-10-22,13.960000,14.170000,12.760000,13.010000,11.307781,609500
2008-10-23,13.000000,13.480000,12.430000,13.270000,11.533762,867500
2008-10-24,12.190000,14.680000,12.190000,14.430000,12.541991,1162200
2008-10-27,14.410000,14.930000,13.600000,14.090000,12.246474,547500
2008-10-28,14.100000,15.930000,14.100000,15.740000,13.680589,700400
2008-10-29,15.910000,16.590000,15.210000,15.990000,13.897882,532200
2008-10-30,16.320000,16.750000,15.960000,16.650000,14.471526,453700
2008-10-31,16.520000,17.160000,15.970000,16.990000,14.767044,336000
2008-11-03,16.990000,17.049999,15.820000,16.000000,13.906571,427600
2008-11-04,16.230000,17.030001,15.910000,16.910000,14.697502,546800
2008-11-05,16.709999,16.920000,15.620000,15.680000,13.628443,307100
2008-11-06,15.440000,15.820000,14.040000,14.110000,12.263860,429900
2008-11-07,14.290000,14.820000,13.900000,14.620000,12.707129,405600
2008-11-10,14.900000,15.270000,13.450000,13.560000,11.785821,317700
2008-11-11,13.460000,14.290000,13.080000,13.230000,11.498994,349800
2008-11-12,13.040000,13.380000,12.450000,12.540000,10.899277,457300
2008-11-13,12.500000,12.870000,10.400000,12.130000,10.542921,1428700
2008-11-14,11.940000,12.250000,10.870000,11.260000,9.786753,404400
2008-11-17,11.150000,11.150000,10.460000,10.580000,9.195720,448000
2008-11-18,10.660000,11.000000,9.690000,10.060000,8.743756,513900
2008-11-19,10.020000,10.330000,9.680000,9.750000,8.474317,437700
2008-11-20,9.650000,9.940000,8.690000,8.740000,7.596467,887600
2008-11-21,8.880000,9.140000,8.130000,8.280000,7.196651,1117800
2008-11-24,8.450000,9.050000,8.390000,8.990000,7.813755,650900
2008-11-25,9.200000,9.200000,8.720000,8.950000,7.778987,529700
2008-11-26,8.700000,9.910000,8.230000,9.810000,8.526466,759700
2008-11-28,9.730000,9.920000,9.320000,9.570000,8.317867,176000
2008-12-01,9.160000,9.460000,8.500000,8.500000,7.387866,602300
2008-12-02,8.680000,8.900000,8.310000,8.730000,7.587772,571400
2008-12-03,8.510000,9.060000,8.330000,8.740000,7.596467,999800
2008-12-04,8.590000,8.980000,8.100000,8.270000,7.187961,859300
2008-12-05,8.080000,8.090000,6.960000,7.740000,6.727304,1731100
2008-12-08,7.860000,9.050000,7.860000,9.020000,7.839832,1170400
2008-12-09,8.890000,9.820000,8.530000,9.540000,8.291794,657600
2008-12-10,9.600000,9.890000,9.310000,9.490000,8.248337,351200
2008-12-11,9.370000,9.800000,9.370000,9.560000,8.309176,634600
2008-12-12,9.330000,10.310000,9.330000,10.210000,8.874132,465700
2008-12-15,10.230000,10.630000,10.050000,10.370000,9.013196,716700
2008-12-16,10.560000,11.960000,10.440000,11.760000,10.221331,1387200
2008-12-17,11.690000,13.270000,11.240000,12.930000,11.238250,1296300
2008-12-18,12.880000,12.920000,12.000000,12.140000,10.551610,1074000
2008-12-19,12.350000,12.660000,12.150000,12.430000,10.803670,444800
2008-12-22,12.350000,12.520000,11.570000,11.930000,10.369089,393300
2008-12-23,11.990000,12.300000,11.810000,11.840000,10.290866,229600
2008-12-24,11.890000,11.980000,11.490000,11.680000,10.151800,129200
2008-12-26,11.710000,11.970000,11.600000,11.830000,10.282176,122600
2008-12-29,11.830000,12.000000,11.290000,11.680000,10.151800,193700
2008-12-30,11.780000,12.060000,11.660000,11.990000,10.421238,247600
2008-12-31,12.100000,12.780000,11.940000,12.610000,10.960118,491400
2009-01-02,12.630000,13.310000,12.600000,13.130000,11.412082,394400
2009-01-05,13.110000,13.650000,12.910000,13.530000,11.759745,456900
2009-01-06,13.790000,14.100000,13.510000,13.950000,12.124792,617500
2009-01-07,13.680000,13.680000,12.800000,13.010000,11.307781,449800
2009-01-08,12.950000,13.040000,12.400000,12.650000,10.994882,505300
2009-01-09,12.610000,12.860000,12.080000,12.380000,10.760212,296800
2009-01-12,12.350000,12.350000,11.730000,11.900000,10.343014,248700
2009-01-13,11.810000,12.050000,11.120000,11.550000,10.038809,397700
2009-01-14,11.340000,11.500000,10.820000,10.820000,9.404319,428500
2009-01-15,10.850000,11.810000,10.750000,11.720000,10.186565,581500
2009-01-16,11.890000,12.190000,11.710000,12.080000,10.499460,480100
2009-01-20,11.930000,12.250000,11.200000,11.240000,9.769368,329700
2009-01-21,11.320000,11.560000,10.810000,11.410000,9.917122,461800
2009-01-22,11.090000,11.530000,10.670000,11.280000,9.804136,246700
2009-01-23,10.980000,12.060000,10.730000,11.820000,10.273477,621500
2009-01-26,11.900000,12.680000,11.780000,12.470000,10.838435,523200
2009-01-27,12.630000,13.410000,12.630000,12.930000,11.238250,610000
2009-01-28,13.250000,13.580000,12.820000,13.510000,11.742363,873500
2009-01-29,13.250000,13.460000,12.760000,12.800000,11.125258,340600
2009-01-30,12.950000,13.120000,11.930000,12.150000,10.560303,579400
2009-02-02,11.970000,12.400000,11.690000,11.980000,10.412546,451800
2009-02-03,11.820000,12.520000,11.400000,12.500000,10.864508,741300
2009-02-04,12.500000,13.390000,12.340000,13.060000,11.351240,628100
2009-02-05,12.700000,13.950000,12.700000,13.550000,11.777131,394900
2009-02-06,13.710000,14.270000,13.680000,14.060000,12.220400,375900
2009-02-09,13.970000,14.200000,13.620000,13.960000,12.133483,215800
2009-02-10,13.740000,14.310000,13.150000,13.180000,11.455539,389600
2009-02-11,13.210000,13.290000,12.580000,12.830000,11.151333,217200
2009-02-12,12.640000,13.150000,12.320000,12.930000,11.238250,435500
2009-02-13,12.760000,14.430000,12.750000,13.950000,12.124792,1037200
2009-02-17,13.610000,13.610000,13.100000,13.110000,11.394698,500500
2009-02-18,13.120000,13.440000,12.830000,12.860000,11.177406,558700
2009-02-19,12.960000,13.400000,12.620000,12.660000,11.003573,419900
2009-02-20,12.500000,12.700000,11.990000,12.390000,10.768904,573300
2009-02-23,12.450000,12.650000,11.940000,12.010000,10.438622,461900
2009-02-24,12.010000,12.770000,11.910000,12.710000,11.047033,839800
2009-02-25,12.660000,12.970000,12.220000,12.670000,11.012267,325500
2009-02-26,12.730000,12.980000,12.360000,12.390000,10.768904,308300
2009-02-27,12.260000,13.240000,11.900000,12.950000,11.255632,618600
2009-03-02,12.700000,12.960000,12.430000,12.560000,10.916661,540100
2009-03-03,12.690000,12.690000,11.260000,11.310000,9.830207,1323800
2009-03-04,11.700000,11.920000,11.400000,11.700000,10.169182,919100
2009-03-05,11.580000,12.340000,11.500000,12.000000,10.429927,1016800
2009-03-06,12.090000,12.930000,12.090000,12.910000,11.220869,802400
2009-03-09,12.950000,13.380000,12.650000,13.000000,11.299090,515200
2009-03-10,13.250000,14.460000,13.050000,14.370000,12.489839,596400
2009-03-11,14.480000,15.400000,14.380000,14.790000,12.854889,953800
2009-03-12,14.800000,15.480000,14.530000,15.380000,13.367694,407400
2009-03-13,15.390000,15.480000,14.920000,15.210000,13.219936,638600
2009-03-16,15.290000,15.490000,14.620000,14.850000,12.907039,434900
2009-03-17,14.990000,15.240000,14.770000,15.180000,13.193862,821000
2009-03-18,15.160000,16.459999,14.850000,16.400000,14.254237,1059300
2009-03-19,16.450001,16.450001,15.840000,16.059999,13.958720,597700
2009-03-20,16.209999,16.209999,15.130000,15.300000,13.298163,417100
2009-03-23,15.740000,16.620001,15.320000,16.610001,14.436762,483700
2009-03-24,16.360001,16.360001,15.490000,15.490000,13.463303,434000
2009-03-25,15.650000,16.110001,14.070000,15.180000,13.193862,1125900
2009-03-26,15.280000,16.500000,15.000000,16.219999,14.097786,529500
2009-03-27,15.960000,16.900000,15.760000,15.790000,13.724051,553200
2009-03-30,15.620000,15.780000,14.700000,15.130000,13.150401,320300
2009-03-31,15.280000,15.870000,15.280000,15.500000,13.471992,333200
2009-04-01,15.230000,15.830000,14.920000,15.810000,13.741431,441900
2009-04-02,16.049999,17.600000,16.049999,17.209999,14.958256,618900
2009-04-03,17.180000,17.290001,16.809999,17.160000,14.914798,591100
2009-04-06,16.910000,17.180000,16.330000,16.879999,14.671428,457900
2009-04-07,16.680000,16.799999,16.110001,16.350000,14.210776,229800
2009-04-08,16.410000,16.490000,15.900000,16.309999,14.176006,394700
2009-04-09,16.660000,17.860001,16.459999,17.790001,15.462374,865300
2009-04-13,17.290001,17.299999,16.209999,16.930000,14.714891,841300
2009-04-14,16.750000,17.000000,16.320000,16.379999,14.236851,362000
2009-04-15,16.299999,16.299999,15.690000,15.990000,13.897882,265700
2009-04-16,16.090000,16.790001,16.080000,16.570000,14.401990,164800
2009-04-17,16.629999,16.959999,16.379999,16.740000,14.549751,168800
2009-04-20,16.459999,16.870001,16.020000,16.709999,14.523676,412100
2009-04-21,16.600000,18.049999,16.510000,17.740000,15.418912,926700
2009-04-22,17.580000,18.629999,17.500000,17.969999,15.618818,466400
2009-04-23,17.850000,17.990000,17.059999,17.459999,15.175545,484000
2009-04-24,17.500000,18.280001,17.330000,18.070000,15.705734,374900
2009-04-27,17.730000,18.000000,17.430000,17.719999,15.401526,490400
2009-04-28,18.000000,18.090000,17.540001,18.020000,15.662278,718600
2009-04-29,20.080000,20.230000,18.299999,18.459999,16.044704,2601500
2009-04-30,18.879999,19.240000,18.389999,18.500000,16.079477,483300
2009-05-01,18.520000,18.600000,17.990000,18.170000,15.792652,395800
2009-05-04,18.450001,19.110001,18.320000,19.080000,16.583588,241200
2009-05-05,18.570000,18.920000,18.260000,18.799999,16.340223,300600
2009-05-06,18.930000,19.020000,18.320000,18.799999,16.340223,272600
2009-05-07,18.900000,18.900000,16.799999,17.530001,15.236385,714800
2009-05-08,17.639999,17.700001,16.590000,17.100000,14.862651,485100
2009-05-11,16.700001,17.180000,16.230000,16.830000,14.627976,414400
2009-05-12,16.969999,17.059999,16.100000,16.940001,14.723583,847700
2009-05-13,16.790001,16.870001,16.219999,16.740000,14.549751,623800
2009-05-14,16.719999,18.139999,16.690001,17.959999,15.610126,492800
2009-05-15,17.889999,18.990000,17.730000,18.650000,16.209845,560900
2009-05-18,18.680000,19.570000,18.530001,19.510000,16.957327,559500
2009-05-19,19.200001,20.299999,18.860001,20.080000,17.452747,640300
2009-05-20,20.170000,20.580000,19.510000,19.709999,17.131157,395400
2009-05-21,19.389999,19.500000,18.540001,19.150000,16.644430,433600
2009-05-22,19.250000,19.590000,18.889999,19.330000,16.800888,234900
2009-05-26,19.110001,20.450001,18.799999,20.219999,17.574432,364400
2009-05-27,20.200001,20.879999,19.850000,20.320000,17.661346,244100
2009-05-28,20.360001,20.490000,19.459999,20.110001,17.478823,296200
2009-05-29,20.230000,20.719999,19.690001,20.709999,18.000324,470500
2009-06-01,20.469999,21.750000,20.469999,21.370001,18.573965,660900
2009-06-02,21.379999,21.559999,19.959999,20.030001,17.409286,472200
2009-06-03,19.980000,20.000000,19.059999,19.389999,16.853029,436300
2009-06-04,19.430000,20.400000,19.430000,20.400000,17.730873,438200
2009-06-05,20.500000,20.719999,19.549999,20.100000,17.470125,367600
2009-06-08,20.120001,20.370001,19.459999,19.980000,17.365829,293600
2009-06-09,20.010000,21.870001,19.799999,21.600000,18.773870,431200
2009-06-10,21.410000,21.940001,21.260000,21.930000,19.060699,357100
2009-06-11,22.690001,23.400000,22.379999,22.760000,19.782091,691200
2009-06-12,22.709999,22.750000,22.100000,22.350000,19.425743,351000
2009-06-15,22.049999,22.230000,21.209999,22.170000,19.269295,388200
2009-06-16,21.150000,22.330000,21.150000,21.840000,18.982470,599400
2009-06-17,21.780001,22.790001,20.990000,21.900000,19.034620,535400
2009-06-18,22.040001,22.100000,21.549999,21.799999,18.947706,416400
2009-06-19,22.129999,22.459999,21.860001,22.070000,19.182377,431200
2009-06-22,21.969999,21.969999,20.980000,20.980000,18.234991,226600
2009-06-23,21.059999,21.129999,19.820000,20.570000,17.878639,391000
2009-06-24,20.770000,21.440001,20.620001,21.000000,18.252375,176300
2009-06-25,20.920000,21.680000,20.680000,21.610001,18.782566,255300
2009-06-26,22.100000,23.219999,22.090000,22.990000,19.982006,1851800
2009-06-29,22.500000,23.000000,22.000000,22.809999,19.825552,530400
2009-06-30,22.799999,22.920000,22.010000,22.410000,19.477890,561800
2009-07-01,22.549999,22.740000,22.180000,22.580000,19.625650,461200
2009-07-02,22.299999,22.490000,21.990000,22.059999,19.173685,381700
2009-07-06,22.040001,22.309999,21.799999,22.260000,19.347517,352400
2009-07-07,22.330000,22.680000,22.000000,22.180000,19.277988,425000
2009-07-08,22.230000,22.450001,21.740000,22.350000,19.425743,456400
2009-07-09,22.500000,23.240000,22.240000,22.879999,19.886400,397200
2009-07-10,22.830000,23.840000,22.780001,23.510000,20.433973,641200
2009-07-13,23.530001,23.889999,23.080000,23.760000,20.651258,447500
2009-07-14,23.780001,23.879999,23.459999,23.600000,20.512196,385900
2009-07-15,23.900000,24.020000,23.530001,23.730000,20.625189,701600
2009-07-16,23.670000,23.930000,23.510000,23.620001,20.529577,337100
2009-07-17,23.600000,23.959999,23.350000,23.879999,20.755562,370500
2009-07-20,23.879999,24.090000,23.350000,23.480000,20.407894,272500
2009-07-21,23.660000,23.830000,22.879999,23.290001,20.242754,214200
2009-07-22,23.299999,24.200001,22.980000,23.990000,20.851168,449700
2009-07-23,23.910000,24.500000,23.900000,24.180000,21.016306,281500
2009-07-24,24.080000,24.240000,23.690001,23.910000,20.781631,191500
2009-07-27,23.809999,24.059999,23.219999,23.620001,20.529577,343100
2009-07-28,23.340000,23.610001,22.790001,22.950001,19.947241,562700
2009-07-29,22.900000,23.480000,22.610001,23.360001,20.303600,307600
2009-07-30,23.250000,24.100000,23.200001,23.790001,20.677338,355000
2009-07-31,21.490000,22.950001,20.799999,22.190001,19.286676,2351500
2009-08-03,22.290001,23.070000,22.129999,23.070000,20.051538,446700
2009-08-04,22.750000,23.650000,22.750000,23.240000,20.199297,335600
2009-08-05,23.120001,23.510000,22.559999,22.770000,19.790787,332300
2009-08-06,22.790001,23.459999,21.540001,21.670000,18.834715,569300
2009-08-07,22.020000,22.219999,21.510000,21.680000,18.843403,474000
2009-08-10,21.490000,21.760000,21.280001,21.620001,18.791256,190400
2009-08-11,21.450001,21.719999,21.270000,21.370001,18.573965,143000
2009-08-12,21.450001,22.250000,21.450001,21.860001,18.999855,301800
2009-08-13,22.040001,22.809999,22.000000,22.690001,19.721260,226800
2009-08-14,22.680000,23.059999,22.139999,22.910000,19.912472,482300
2009-08-17,22.559999,22.900000,22.290001,22.500000,19.556120,274000
2009-08-18,22.500000,22.910000,22.309999,22.790001,19.808176,236900
2009-08-19,22.469999,23.480000,22.410000,23.440001,20.373131,226800
2009-08-20,23.320000,23.500000,22.950001,23.309999,20.260139,211800
2009-08-21,23.480000,23.570000,22.969999,23.549999,20.468731,448800
2009-08-24,23.500000,23.660000,23.230000,23.280001,20.234062,356800
2009-08-25,23.270000,23.299999,22.680000,23.020000,20.008085,342700
2009-08-26,22.930000,23.430000,22.879999,23.350000,20.294907,198000
2009-08-27,23.309999,23.309999,22.389999,22.540001,19.590885,577600
2009-08-28,22.830000,23.219999,22.459999,22.510000,19.564804,504100
2009-08-31,22.469999,22.590000,22.280001,22.530001,19.582188,402500
2009-09-01,22.469999,22.820000,21.790001,21.870001,19.008547,373200
2009-09-02,21.750000,22.360001,21.350000,22.230000,19.321449,274300
2009-09-03,22.049999,23.000000,22.049999,22.719999,19.747324,330900
2009-09-04,22.610001,23.200001,22.379999,23.040001,20.025467,234000
2009-09-08,23.209999,23.559999,22.860001,23.530001,20.451347,273100
2009-09-09,23.299999,23.570000,23.250000,23.480000,20.407894,522600
2009-09-10,23.440001,23.799999,23.120001,23.770000,20.659952,180400
2009-09-11,23.740000,24.170000,23.639999,23.760000,20.651258,268400
2009-09-14,23.700001,23.920000,23.240000,23.309999,20.260139,236000
2009-09-15,23.290001,23.650000,23.090000,23.200001,20.164536,251800
2009-09-16,23.160000,24.219999,22.840000,24.150000,20.990240,477200
2009-09-17,24.219999,24.500000,23.680000,23.790001,20.677338,536100
2009-09-18,24.000000,25.000000,24.000000,25.000000,21.729015,524400
2009-09-21,24.690001,25.030001,24.500000,24.610001,21.390045,262600
2009-09-22,24.860001,25.000000,24.570000,24.620001,21.398741,244200
2009-09-23,24.730000,25.260000,24.320000,24.340000,21.155373,309600
2009-09-24,24.500000,24.510000,23.139999,23.459999,20.390507,414600
2009-09-25,23.469999,23.660000,22.660000,22.950001,19.947241,600100
2009-09-28,22.990000,24.549999,22.990000,24.170000,21.007616,263900
2009-09-29,24.120001,24.299999,23.709999,23.760000,20.651258,142800
2009-09-30,23.840000,23.959999,22.990000,23.450001,20.381823,352000
2009-10-01,23.410000,23.590000,21.440001,21.450001,18.643503,671600
2009-10-02,21.520000,21.750000,21.000000,21.080000,18.321907,437200
2009-10-05,21.230000,21.540001,20.830000,21.010000,18.261070,291300
2009-10-06,21.219999,21.660000,21.090000,21.559999,18.739105,739500
2009-10-07,21.590000,22.100000,21.580000,21.969999,19.095461,480700
2009-10-08,22.150000,22.150000,21.309999,21.320000,18.530512,498100
2009-10-09,21.370001,21.860001,21.209999,21.670000,18.834715,492500
2009-10-12,21.840000,21.840000,21.240000,21.299999,18.513126,306600
2009-10-13,21.330000,21.709999,21.260000,21.360001,18.565277,232000
2009-10-14,21.700001,22.250000,21.700001,22.230000,19.321449,354400
2009-10-15,22.110001,22.330000,22.040001,22.280001,19.364906,340300
2009-10-16,22.200001,22.280001,21.750000,21.920000,19.052006,413100
2009-10-19,22.049999,22.410000,21.610001,22.160000,19.260611,362000
2009-10-20,22.200001,22.459999,21.900000,22.180000,19.277988,412600
2009-10-21,21.950001,22.110001,21.360001,21.480000,18.669573,676300
2009-10-22,21.430000,22.059999,21.000000,22.000000,19.121540,723700
2009-10-23,20.490000,21.160000,19.930000,20.730000,18.017704,2398700
2009-10-26,20.549999,20.980000,20.000000,20.309999,17.652653,1269000
2009-10-27,20.309999,20.580000,20.020000,20.290001,17.635277,352000
2009-10-28,20.190001,20.420000,19.370001,19.549999,16.992096,879200
2009-10-29,19.770000,20.410000,19.700001,20.200001,17.557055,404800
2009-10-30,20.049999,20.219999,19.790001,19.990000,17.374521,598000
2009-11-02,19.990000,20.100000,19.200001,19.490000,16.939951,425900
2009-11-03,19.320000,19.820000,19.170000,19.750000,17.165920,223000
2009-11-04,19.900000,19.959999,19.160000,19.170000,16.661814,417800
2009-11-05,19.379999,19.549999,18.930000,19.389999,16.853029,300100
2009-11-06,19.299999,19.750000,19.129999,19.350000,16.818262,328100
2009-11-09,19.540001,20.180000,19.389999,20.010000,17.391909,335000
2009-11-10,19.860001,20.230000,19.680000,19.959999,17.348448,220700
2009-11-11,20.160000,20.719999,20.090000,20.600000,17.904713,295500
2009-11-12,20.530001,20.770000,19.900000,20.000000,17.383213,255500
2009-11-13,20.120001,20.530001,19.910000,20.530001,17.843878,251400
2009-11-16,20.780001,22.690001,20.780001,22.660000,19.695181,1110900
2009-11-17,22.629999,22.700001,22.240000,22.389999,19.460506,371400
2009-11-18,22.330000,22.530001,22.170000,22.450001,19.512657,379000
2009-11-19,22.219999,22.219999,21.440001,21.750000,18.904249,609100
2009-11-20,21.520000,21.820000,21.510000,21.760000,18.912939,210600
2009-11-23,22.080000,22.639999,22.080000,22.580000,19.625650,281500
2009-11-24,22.530001,22.709999,22.030001,22.170000,19.269295,232000
2009-11-25,22.330000,22.430000,22.209999,22.320000,19.399673,71800
2009-11-27,21.639999,22.090000,21.610001,21.780001,18.930317,82900
2009-11-30,21.690001,21.920000,21.020000,21.500000,18.686953,183700
2009-12-01,21.860001,23.139999,21.680000,23.049999,20.034157,386700
2009-12-02,23.120001,23.889999,22.820000,23.860001,20.738178,382100
2009-12-03,23.889999,23.980000,23.540001,23.799999,20.686028,319000
2009-12-04,24.000000,24.389999,23.900000,24.100000,20.946775,420800
2009-12-07,24.170000,24.559999,24.000000,24.180000,21.016306,180600
2009-12-08,23.910000,24.299999,23.770000,23.840000,20.720791,368300
2009-12-09,23.860001,23.920000,23.500000,23.719999,20.616489,184600
2009-12-10,23.879999,24.040001,23.010000,23.170000,20.138456,246000
2009-12-11,23.260000,23.260000,22.570000,22.959999,19.955929,159500
2009-12-14,23.110001,23.850000,22.830000,23.850000,20.729481,233900
2009-12-15,23.809999,23.900000,23.639999,23.780001,20.668646,232200
2009-12-16,23.900000,24.120001,23.680000,23.959999,20.825092,372900
2009-12-17,23.870001,24.000000,23.580000,23.719999,20.616489,430200
2009-12-18,23.840000,23.969999,23.670000,23.820000,20.703411,328800
2009-12-21,24.010000,24.750000,23.809999,24.400000,21.207523,213400
2009-12-22,24.500000,24.700001,24.340000,24.670000,21.442194,210400
2009-12-23,24.700001,24.700001,24.389999,24.610001,21.390045,81600
2009-12-24,24.580000,24.690001,24.420000,24.430000,21.233599,35300
2009-12-28,24.440001,24.490000,23.969999,24.120001,20.964155,168100
2009-12-29,24.170000,24.299999,23.940001,24.170000,21.007616,61100
2009-12-30,24.139999,24.490000,24.059999,24.309999,21.129297,94500
2009-12-31,24.309999,24.309999,23.959999,23.969999,20.833784,238700
2010-01-04,24.350000,24.500000,23.850000,24.000000,20.859854,232600
2010-01-05,23.980000,24.070000,23.549999,23.900000,20.772938,208400
2010-01-06,23.600000,23.670000,22.719999,23.100000,20.077618,663700
2010-01-07,23.150000,23.280001,22.740000,22.750000,19.773407,639400
2010-01-08,22.740000,23.070000,22.740000,23.010000,19.999393,171100
2010-01-11,23.049999,23.190001,22.559999,22.770000,19.790787,251300
2010-01-12,22.680000,22.879999,21.860001,22.059999,19.173685,336000
2010-01-13,22.139999,22.400000,21.480000,22.020000,19.138922,546800
2010-01-14,22.010000,22.500000,21.950001,22.240000,19.330139,232200
2010-01-15,22.309999,22.309999,21.480000,21.790001,18.939018,339000
2010-01-19,21.969999,22.150000,21.750000,22.120001,19.225840,357500
2010-01-20,22.010000,22.070000,21.790001,22.010000,19.130224,485300
2010-01-21,22.110001,22.469999,21.980000,22.000000,19.121540,355000
2010-01-22,21.920000,22.080000,21.330000,21.430000,18.626116,603900
2010-01-25,21.660000,22.040001,21.110001,21.459999,18.652187,366900
2010-01-26,21.330000,21.480000,21.080000,21.150000,18.382751,210500
2010-01-27,21.090000,21.709999,20.879999,21.660000,18.826015,269800
2010-01-28,21.650000,21.900000,20.690001,20.900000,18.165455,312900
2010-01-29,20.980000,21.049999,20.389999,20.620001,17.922098,757400
2010-02-01,20.760000,21.309999,20.540001,21.010000,18.261070,374100
2010-02-02,20.799999,21.629999,20.709999,21.500000,18.686953,597300
2010-02-03,19.900000,20.280001,19.280001,19.870001,17.270224,1882700
2010-02-04,19.670000,19.700001,18.940001,18.980000,16.496674,857700
2010-02-05,18.799999,20.250000,18.400000,19.440001,16.896488,1480300
2010-02-08,19.520000,19.940001,19.049999,19.520000,16.966015,524900
2010-02-09,20.250000,20.620001,19.639999,20.200001,17.557055,509500
2010-02-10,20.190001,20.670000,19.850000,20.490000,17.809107,469700
2010-02-11,21.190001,21.450001,20.389999,21.250000,18.469660,754600
2010-02-12,20.889999,21.850000,20.889999,21.500000,18.686953,477400
2010-02-16,21.700001,21.809999,21.450001,21.660000,18.826015,157200
2010-02-17,21.790001,21.790001,21.270000,21.530001,18.713034,235800
2010-02-18,21.450001,21.629999,21.190001,21.620001,18.791256,242700
2010-02-19,21.570000,21.570000,21.129999,21.190001,18.417515,313500
2010-02-22,21.200001,21.219999,20.889999,20.940001,18.200232,503100
2010-02-23,20.969999,21.010000,20.389999,20.549999,17.861248,396400
2010-02-24,20.549999,20.910000,20.549999,20.830000,18.104624,275100
2010-02-25,20.520000,20.740000,20.270000,20.730000,18.017704,152800
2010-02-26,20.680000,20.719999,20.250000,20.309999,17.652653,150600
2010-03-01,20.400000,21.010000,20.230000,20.850000,18.122005,620400
2010-03-02,20.940001,21.500000,20.690001,21.160000,18.391439,626200
2010-03-03,21.230000,21.420000,20.750000,20.920000,18.182844,207100
2010-03-04,20.900000,21.000000,20.590000,20.940001,18.200232,134500
2010-03-05,21.059999,21.100000,20.700001,20.850000,18.122005,288200
2010-03-08,20.910000,21.250000,20.410000,21.190001,18.417515,784100
2010-03-09,21.059999,21.180000,20.570000,20.860001,18.130692,241100
2010-03-10,20.780001,21.139999,20.740000,20.910000,18.174145,398500
2010-03-11,20.760000,20.760000,20.430000,20.670000,17.965551,381800
2010-03-12,20.799999,20.980000,20.250000,20.360001,17.696115,349600
2010-03-15,20.389999,20.540001,20.290001,20.490000,17.809107,170600
2010-03-16,20.549999,21.059999,20.420000,20.850000,18.122005,166600
2010-03-17,20.820000,21.709999,20.750000,21.559999,18.739105,553400
2010-03-18,21.610001,22.049999,21.480000,21.690001,18.852098,372600
2010-03-19,21.440001,21.809999,21.240000,21.440001,18.634808,339200
2010-03-22,21.299999,22.580000,21.299999,22.520000,19.573505,510200
2010-03-23,22.620001,23.469999,22.410000,23.070000,20.051538,488800
2010-03-24,23.049999,23.090000,22.559999,22.680000,19.712564,307100
2010-03-25,22.760000,23.299999,22.590000,22.900000,19.903778,360300
2010-03-26,22.910000,22.930000,21.670000,22.090000,19.199760,455500
2010-03-29,22.120001,22.330000,21.770000,21.889999,19.025930,262900
2010-03-30,21.980000,22.450001,21.980000,22.370001,19.443129,331200
2010-03-31,22.299999,22.580000,22.120001,22.299999,19.382284,309900
2010-04-01,22.490000,22.950001,22.420000,22.660000,19.695181,249800
2010-04-05,22.650000,23.139999,22.639999,22.830000,19.842939,133600
2010-04-06,22.730000,22.980000,22.520000,22.780001,19.799480,119300
2010-04-07,22.690001,23.030001,22.459999,22.820000,19.834244,112800
2010-04-08,22.680000,22.969999,22.500000,22.809999,19.825552,215200
2010-04-09,22.780001,22.990000,22.680000,22.910000,19.912472,174600
2010-04-12,22.990000,23.180000,22.900000,23.180000,20.147150,174600
2010-04-13,23.059999,23.680000,22.930000,23.670000,20.573040,445300
2010-04-14,23.850000,24.850000,23.799999,24.750000,21.511726,596800
2010-04-15,24.610001,24.730000,24.350000,24.549999,21.337898,135700
2010-04-16,24.559999,24.559999,23.910000,24.209999,21.042377,241300
2010-04-19,24.049999,24.400000,23.680000,24.110001,20.955465,191900
2010-04-20,24.230000,24.420000,24.120001,24.370001,21.181442,142600
2010-04-21,24.309999,24.500000,24.040001,24.389999,21.198835,145900
2010-04-22,24.139999,24.700001,23.920000,24.610001,21.390045,277300
2010-04-23,24.549999,24.690001,24.180000,24.690001,21.459576,114900
2010-04-26,24.510000,24.700001,24.370001,24.590000,21.372663,175200
2010-04-27,24.459999,24.670000,24.080000,24.180000,21.016306,223500
2010-04-28,24.260000,24.559999,24.090000,24.350000,21.164066,298200
2010-04-29,24.490000,25.000000,23.910000,24.910000,21.650793,570500
2010-04-30,24.799999,25.340000,24.549999,24.650000,21.424812,1088800
2010-05-03,24.870001,25.230000,24.090000,24.150000,20.990240,487600
2010-05-04,23.820000,23.920000,22.670000,22.900000,19.903778,602600
2010-05-05,22.660000,23.400000,22.500000,22.590000,19.634344,249800
2010-05-06,22.500000,23.000000,20.059999,21.809999,18.956398,581500
2010-05-07,21.620001,21.620001,20.340000,20.629999,17.930786,671800
2010-05-10,21.309999,22.030001,21.309999,21.990000,19.112850,282500
2010-05-11,21.650000,22.030001,21.480000,21.580000,18.756489,282500
2010-05-12,21.570000,21.590000,21.049999,21.299999,18.513126,430900
2010-05-13,21.250000,21.410000,20.330000,20.809999,18.087238,1121900
2010-05-14,20.620001,20.780001,20.000000,20.510000,17.826492,457800
2010-05-17,20.110001,20.700001,19.940001,20.190001,17.548355,672500
2010-05-18,20.469999,20.510000,19.320000,19.580000,17.018171,575000
2010-05-19,19.549999,20.370001,19.549999,20.030001,17.409286,555700
2010-05-20,19.570000,19.760000,19.230000,19.320000,16.792181,571300
2010-05-21,19.110001,20.620001,19.059999,20.080000,17.452747,831400
2010-05-24,20.040001,20.110001,19.350000,19.440001,16.896488,465700
2010-05-25,19.139999,19.410000,18.530001,19.360001,16.826956,836400
2010-05-26,19.450001,20.049999,19.340000,19.469999,16.922558,334700
2010-05-27,19.860001,20.049999,19.549999,19.969999,17.357138,274200
2010-05-28,19.900000,19.900000,19.059999,19.190001,16.679193,390700
2010-06-01,19.000000,19.700001,18.750000,18.840000,16.374983,748000
2010-06-02,19.040001,19.330000,18.680000,19.299999,16.774803,214300
2010-06-03,19.379999,19.969999,19.379999,19.730000,17.148546,301700
2010-06-04,19.200001,19.670000,18.830000,18.920000,16.444525,317500
2010-06-07,18.930000,19.070000,17.850000,17.980000,15.627510,458000
2010-06-08,18.010000,18.120001,17.340000,17.559999,15.262465,481300
2010-06-09,17.760000,18.190001,17.469999,17.950001,15.601437,733700
2010-06-10,18.330000,18.440001,17.950001,18.350000,15.949098,376300
2010-06-11,18.180000,18.680000,18.020000,18.559999,16.131620,245300
2010-06-14,18.719999,19.020000,18.590000,18.610001,16.175081,218200
2010-06-15,18.850000,19.959999,18.799999,19.809999,17.218073,541000
2010-06-16,19.750000,20.709999,19.540001,20.459999,17.783028,629800
2010-06-17,20.650000,21.070000,20.309999,20.830000,18.104624,475600
2010-06-18,20.969999,20.969999,20.330000,20.370001,17.704809,275400
2010-06-21,20.700001,21.059999,19.740000,19.910000,17.304989,216400
2010-06-22,19.920000,20.180000,18.969999,18.990000,16.505363,749100
2010-06-23,18.959999,19.000000,18.510000,18.719999,16.270687,348100
2010-06-24,18.540001,18.850000,18.110001,18.139999,15.766577,388900
2010-06-25,18.190001,18.510000,17.879999,18.370001,15.966488,807200
2010-06-28,18.209999,18.700001,18.209999,18.389999,15.983867,332500
2010-06-29,17.990000,18.270000,17.620001,17.930000,15.584051,296700
2010-06-30,17.879999,18.139999,17.730000,17.860001,15.523217,314200
2010-07-01,17.840000,18.020000,17.379999,17.690001,15.375455,406000
2010-07-02,17.770000,17.850000,17.379999,17.570000,15.271156,130700
2010-07-06,17.879999,18.090000,17.250000,17.360001,15.088632,198900
2010-07-07,17.370001,18.209999,17.290001,18.110001,15.740501,259600
2010-07-08,18.299999,18.520000,18.040001,18.250000,15.862183,204100
2010-07-09,17.740000,18.459999,17.389999,18.389999,15.983867,288100
2010-07-12,18.350000,18.840000,18.139999,18.770000,16.314142,197100
2010-07-13,19.110001,19.440001,18.879999,19.230000,16.713966,311200
2010-07-14,19.469999,19.469999,18.940001,19.030001,16.540133,261700
2010-07-15,19.010000,19.340000,18.680000,19.000000,16.514048,194500
2010-07-16,18.860001,18.860001,18.430000,18.520000,16.096849,213600
2010-07-19,18.590000,19.059999,18.430000,19.030001,16.540133,136700
2010-07-20,18.770000,18.969999,18.200001,18.530001,16.105547,342100
2010-07-21,18.709999,18.750000,18.180000,18.240000,15.853487,223800
2010-07-22,18.500000,18.760000,18.440001,18.580000,16.149004,303200
2010-07-23,18.469999,18.760000,18.309999,18.590000,16.157698,312900
2010-07-26,18.690001,19.440001,18.559999,19.400000,16.861719,590500
2010-07-27,19.549999,19.900000,19.430000,19.690001,17.113773,466800
2010-07-28,19.600000,19.700001,19.000000,19.170000,16.661814,389200
2010-07-29,19.639999,19.719999,18.190001,18.230000,15.844801,1280000
2010-07-30,18.020000,18.070000,17.530001,17.620001,15.314612,1244600
2010-08-02,17.700001,17.750000,17.170000,17.180000,14.932176,1183500
2010-08-03,17.230000,17.290001,16.920000,17.040001,14.810495,704500
2010-08-04,17.090000,17.280001,16.990000,17.240000,14.984338,686500
2010-08-05,17.209999,17.670000,17.100000,17.600000,15.297231,612100
2010-08-06,17.299999,18.049999,17.299999,17.950001,15.601437,550000
2010-08-09,18.129999,18.410000,17.620001,18.379999,15.975177,274000
2010-08-10,18.150000,18.290001,17.930000,17.969999,15.618818,286700
2010-08-11,17.170000,17.270000,15.900000,17.100000,14.862651,1178900
2010-08-12,16.750000,17.500000,16.750000,17.270000,15.010405,581500
2010-08-13,17.170000,17.660000,17.110001,17.160000,14.914798,407900
2010-08-16,17.080000,17.389999,17.000000,17.120001,14.880033,285200
2010-08-17,17.299999,17.650000,17.129999,17.320000,15.053864,224900
2010-08-18,17.340000,17.490000,17.059999,17.200001,14.949563,314400
2010-08-19,17.350000,17.580000,16.850000,17.010000,14.784424,264900
2010-08-20,17.129999,17.510000,16.910000,17.450001,15.166857,248000
2010-08-23,17.910000,18.270000,17.150000,17.150000,14.906111,476100
2010-08-24,17.360001,17.379999,16.950001,16.950001,14.732284,566300
2010-08-25,17.000000,17.610001,17.000000,17.549999,15.253770,373500
2010-08-26,17.830000,17.860001,17.139999,17.230000,14.975637,333400
2010-08-27,17.709999,17.780001,17.030001,17.690001,15.375455,655900
2010-08-30,18.420000,18.450001,17.260000,17.450001,15.166857,805200
2010-08-31,17.379999,17.490000,16.260000,16.410000,14.262925,591800
2010-09-01,16.690001,17.190001,16.590000,16.790001,14.593215,321800
2010-09-02,16.879999,17.410000,16.650000,17.360001,15.088632,319800
2010-09-03,17.530001,17.660000,17.250000,17.330000,15.062554,303300
2010-09-07,17.309999,17.420000,16.520000,16.520000,14.358540,294800
2010-09-08,16.580000,16.719999,16.370001,16.450001,14.297694,278000
2010-09-09,16.650000,17.250000,16.600000,16.889999,14.680125,837300
2010-09-10,16.900000,17.070000,16.110001,16.230000,14.106478,442300
2010-09-13,16.330000,17.120001,16.330000,17.100000,14.862651,635700
2010-09-14,17.030001,17.620001,16.950001,17.559999,15.262465,524600
2010-09-15,18.100000,18.110001,16.780001,17.440001,15.158163,2125200
2010-09-16,17.309999,17.469999,16.690001,16.889999,14.680125,970500
2010-09-17,17.120001,17.180000,16.389999,16.730000,14.541059,4496000
2010-09-20,16.700001,17.010000,16.520000,16.680000,14.497603,829700
2010-09-21,16.660000,16.760000,16.340000,16.440001,14.289003,600700
2010-09-22,16.379999,16.379999,15.510000,15.700000,13.645822,765100
2010-09-23,15.540000,16.280001,15.460000,15.810000,13.741431,283000
2010-09-24,15.990000,16.410000,15.750000,16.360001,14.219471,779300
2010-09-27,16.309999,16.570000,16.200001,16.260000,14.132555,424700
2010-09-28,16.209999,16.870001,15.830000,16.799999,14.601900,651800
2010-09-29,16.799999,16.809999,16.370001,16.450001,14.297694,398600
2010-09-30,16.620001,16.620001,16.120001,16.330000,14.193394,521000
2010-10-01,16.520000,16.549999,15.930000,16.150000,14.036943,356800
2010-10-04,16.080000,16.459999,15.870000,16.180000,14.063021,407900
2010-10-05,16.370001,16.490000,16.120001,16.270000,14.141243,395300
2010-10-06,16.219999,16.280001,15.770000,15.920000,13.837040,353800
2010-10-07,16.030001,16.170000,15.770000,16.090000,13.984796,206400
2010-10-08,16.090000,16.370001,15.790000,16.299999,14.167320,281400
2010-10-11,16.290001,16.730000,16.290001,16.410000,14.262925,162700
2010-10-12,16.400000,16.990000,16.180000,16.860001,14.654049,456500
2010-10-13,16.900000,16.950001,16.549999,16.610001,14.436762,304400
2010-10-14,16.570000,16.639999,15.850000,16.080000,13.976108,569400
2010-10-15,16.299999,16.500000,15.930000,16.129999,14.019562,343200
2010-10-18,16.100000,16.150000,15.940000,16.110001,14.002184,163200
2010-10-19,15.890000,15.990000,15.590000,15.710000,13.654516,392500
2010-10-20,15.720000,15.890000,15.180000,15.220000,13.228627,464000
2010-10-21,15.230000,15.360000,14.750000,15.090000,13.115635,328700
2010-10-22,15.100000,15.340000,14.980000,15.100000,13.124324,828800
2010-10-25,15.190000,16.040001,15.090000,15.910000,13.828346,822000
2010-10-26,15.760000,16.120001,15.680000,16.080000,13.976108,519900
2010-10-27,15.900000,16.190001,15.830000,16.180000,14.063021,569400
2010-10-28,16.150000,16.230000,15.670000,15.820000,13.750123,587800
2010-10-29,15.700000,16.500000,15.590000,16.070000,13.967413,646600
2010-11-01,16.200001,16.629999,16.059999,16.110001,14.002184,457400
2010-11-02,16.260000,16.520000,16.250000,16.520000,14.358540,424200
2010-11-03,16.510000,16.920000,16.370001,16.850000,14.645358,1085600
2010-11-04,15.010000,15.640000,15.000000,15.400000,13.385076,3761100
2010-11-05,15.440000,16.030001,15.340000,15.480000,13.454607,1463100
2010-11-08,15.490000,15.490000,14.950000,15.140000,13.159095,1302800
2010-11-09,15.190000,15.760000,15.000000,15.570000,13.532833,699500
2010-11-10,15.430000,16.350000,15.430000,16.330000,14.193394,771200
2010-11-11,16.090000,16.110001,15.790000,15.980000,13.889190,568600
2010-11-12,15.890000,16.290001,15.880000,16.010000,13.915267,421200
2010-11-15,16.100000,16.360001,15.950000,16.200001,14.080408,542700
2010-11-16,16.059999,16.270000,15.550000,15.590000,13.550218,374400
2010-11-17,15.660000,16.030001,15.550000,15.760000,13.697973,298200
2010-11-18,15.900000,16.280001,15.790000,16.139999,14.028255,268500
2010-11-19,16.170000,16.170000,15.830000,15.830000,13.758813,445000
2010-11-22,15.650000,16.010000,15.500000,15.950000,13.863115,289200
2010-11-23,15.800000,16.549999,15.660000,16.299999,14.167320,529700
2010-11-24,16.430000,16.580000,16.330000,16.540001,14.375921,305400
2010-11-26,16.450001,16.730000,16.389999,16.590000,14.419374,80400
2010-11-29,16.480000,16.600000,16.180000,16.530001,14.367223,169600
2010-11-30,16.370001,16.370001,16.030001,16.129999,14.019562,269900
2010-12-01,16.330000,16.730000,16.330000,16.510000,14.349847,455200
2010-12-02,16.440001,17.030001,16.440001,17.010000,14.784424,341100
2010-12-03,16.980000,17.530001,16.889999,17.430000,15.149471,517000
2010-12-06,17.400000,17.620001,17.049999,17.290001,15.027792,369000
2010-12-07,17.400000,18.299999,17.299999,18.260000,15.870879,675700
2010-12-08,18.280001,18.520000,17.740000,17.750000,15.427604,707500
2010-12-09,17.920000,18.000000,17.400000,17.440001,15.158163,284400
2010-12-10,17.440001,17.469999,16.840000,17.150000,14.906111,511400
2010-12-13,17.150000,17.350000,16.959999,17.010000,14.784424,211600
2010-12-14,17.110001,17.110001,16.670000,16.799999,14.601900,363300
2010-12-15,16.850000,16.870001,16.190001,16.299999,14.167320,434600
2010-12-16,16.280001,16.740000,16.180000,16.590000,14.419374,368700
2010-12-17,16.629999,16.650000,16.280001,16.379999,14.236851,444400
2010-12-20,16.299999,16.510000,16.049999,16.150000,14.036943,399100
2010-12-21,16.230000,16.309999,16.070000,16.170000,14.054329,268000
2010-12-22,16.150000,16.209999,15.740000,16.110001,14.002184,353900
2010-12-23,16.110001,16.450001,16.070000,16.230000,14.106478,189900
2010-12-27,16.260000,16.320000,16.000000,16.260000,14.132555,102800
2010-12-28,16.260000,16.520000,15.970000,16.440001,14.289003,256800
2010-12-29,16.440001,16.690001,16.299999,16.610001,14.436762,210300
2010-12-30,16.650000,16.700001,16.400000,16.400000,14.254237,135500
2010-12-31,16.420000,16.629999,16.250000,16.520000,14.358540,206600
2011-01-03,16.600000,17.120001,16.590000,16.889999,14.680125,419300
2011-01-04,16.600000,16.600000,15.320000,15.770000,13.706667,1229700
2011-01-05,16.480000,16.500000,15.800000,15.870000,13.793584,1178600
2011-01-06,15.950000,16.340000,15.900000,16.110001,14.002184,496900
2011-01-07,16.209999,16.280001,16.010000,16.059999,13.958720,219200
2011-01-10,16.010000,16.080000,15.760000,15.970000,13.880498,340000
2011-01-11,16.080000,16.120001,15.840000,15.960000,13.871805,441700
2011-01-12,16.010000,16.070000,15.880000,16.030001,13.932650,508400
2011-01-13,15.960000,16.010000,15.880000,15.920000,13.837040,430400
2011-01-14,15.940000,16.100000,15.840000,15.980000,13.889190,530400
2011-01-18,16.010000,16.059999,15.850000,15.850000,13.776199,242400
2011-01-19,15.840000,15.840000,15.530000,15.580000,13.541524,452000
2011-01-20,15.500000,15.510000,15.250000,15.310000,13.306850,377900
2011-01-21,15.340000,15.370000,15.010000,15.100000,13.124324,318300
2011-01-24,15.080000,15.560000,15.030000,15.290000,13.289468,265100
2011-01-25,15.170000,15.310000,14.930000,15.010000,13.046103,180100
2011-01-26,15.000000,15.200000,14.890000,15.080000,13.106944,338200
2011-01-27,15.130000,15.230000,14.980000,15.010000,13.046103,353500
2011-01-28,14.990000,15.040000,14.510000,14.650000,12.733207,399100
2011-01-31,14.730000,14.820000,14.400000,14.670000,12.750585,782500
2011-02-01,14.630000,15.080000,14.630000,14.960000,13.002647,266700
2011-02-02,15.000000,15.030000,14.730000,14.790000,12.854889,375600
2011-02-03,14.730000,14.830000,14.510000,14.810000,12.872272,421600
2011-02-04,16.480000,16.600000,15.250000,15.640000,13.593676,2400500
2011-02-07,15.600000,15.990000,15.380000,15.770000,13.706667,627200
2011-02-08,15.730000,15.880000,15.590000,15.690000,13.637129,377600
2011-02-09,15.700000,15.740000,15.500000,15.610000,13.567599,304300
2011-02-10,15.710000,15.900000,15.590000,15.800000,13.732742,560300
2011-02-11,15.690000,15.910000,15.550000,15.910000,13.828346,304900
2011-02-14,15.870000,16.090000,15.680000,15.840000,13.767506,208500
2011-02-15,15.780000,15.820000,15.410000,15.450000,13.428534,500700
2011-02-16,15.500000,15.760000,15.460000,15.630000,13.584985,193700
2011-02-17,15.590000,15.980000,15.510000,15.800000,13.732742,195900
2011-02-18,15.920000,16.299999,15.890000,16.240000,14.115169,683500
2011-02-22,16.049999,16.080000,15.550000,15.670000,13.619750,416400
2011-02-23,15.620000,15.660000,14.880000,14.900000,12.950494,567100
2011-02-24,14.910000,15.150000,14.600000,14.810000,12.872272,733800
2011-02-25,14.730000,15.470000,14.730000,15.410000,13.393768,337300
2011-02-28,15.410000,15.610000,15.150000,15.450000,13.428534,374700
2011-03-01,15.540000,15.610000,14.980000,15.020000,13.054791,383300
2011-03-02,14.970000,15.150000,14.910000,15.040000,13.072179,354600
2011-03-03,15.280000,15.370000,15.040000,15.310000,13.306850,285800
2011-03-04,15.420000,15.420000,14.980000,15.100000,13.124324,327700
2011-03-07,15.170000,15.370000,14.370000,14.390000,12.507225,425500
2011-03-08,14.410000,14.780000,14.060000,14.480000,12.585450,412500
2011-03-09,14.400000,14.500000,13.760000,13.880000,12.063952,641200
2011-03-10,13.690000,14.000000,13.520000,13.710000,11.916198,334600
2011-03-11,13.710000,13.950000,13.650000,13.890000,12.072645,349700
2011-03-14,13.740000,13.980000,13.690000,13.800000,11.994419,648800
2011-03-15,13.380000,13.490000,13.200000,13.400000,11.646755,668500
2011-03-16,13.360000,13.750000,13.200000,13.260000,11.525070,303300
2011-03-17,13.500000,13.520000,13.070000,13.130000,11.412082,311100
2011-03-18,13.280000,13.460000,12.950000,13.310000,11.568530,804900
2011-03-21,13.480000,13.720000,13.290000,13.400000,11.646755,313500
2011-03-22,13.450000,13.450000,13.000000,13.190000,11.464229,363100
2011-03-23,13.050000,13.880000,13.050000,13.840000,12.029186,449600
2011-03-24,13.960000,14.220000,13.850000,14.070000,12.229092,336300
2011-03-25,14.170000,14.230000,14.010000,14.010000,12.176943,273200
2011-03-28,14.050000,14.160000,14.020000,14.060000,12.220400,223600
2011-03-29,14.060000,14.310000,13.930000,14.230000,12.368155,249600
2011-03-30,14.310000,14.360000,14.110000,14.320000,12.446383,222700
2011-03-31,14.350000,14.440000,14.010000,14.190000,12.333393,487900
2011-04-01,14.290000,14.310000,13.950000,13.980000,12.150867,261500
2011-04-04,13.970000,13.970000,13.410000,13.630000,11.846662,363000
2011-04-05,13.750000,14.870000,13.750000,14.480000,12.585450,811300
2011-04-06,14.580000,14.690000,14.400000,14.570000,12.663675,221700
2011-04-07,14.610000,15.080000,14.600000,14.820000,12.880966,316300
2011-04-08,14.970000,14.980000,14.580000,14.630000,12.715819,194500
2011-04-11,14.580000,14.830000,14.500000,14.600000,12.689747,326000
2011-04-12,14.510000,14.550000,14.110000,14.300000,12.429000,317100
2011-04-13,14.360000,14.360000,14.010000,14.230000,12.368155,307500
2011-04-14,14.130000,14.350000,14.010000,14.270000,12.402925,209400
2011-04-15,14.220000,14.250000,13.970000,14.230000,12.368155,204700
2011-04-18,13.940000,14.220000,13.840000,14.120000,12.272550,328400
2011-04-19,14.120000,14.530000,14.040000,14.520000,12.620212,446400
2011-04-20,14.890000,15.410000,14.770000,15.390000,13.376383,666600
2011-04-21,15.480000,15.520000,15.330000,15.460000,13.437227,256400
2011-04-25,15.430000,15.440000,15.310000,15.400000,13.385076,144500
2011-04-26,15.470000,16.000000,15.440000,15.950000,13.863115,500100
2011-04-27,15.950000,16.090000,15.770000,16.090000,13.984796,442100
2011-04-28,15.990000,16.209999,15.960000,16.000000,13.906571,929800
2011-04-29,16.980000,18.559999,16.860001,16.980000,14.758353,2400000
2011-05-02,17.150000,17.219999,16.559999,16.719999,14.532367,1037200
2011-05-03,16.570000,16.850000,16.260000,16.340000,14.202087,609100
2011-05-04,16.320000,16.400000,15.960000,16.049999,13.950031,468200
2011-05-05,15.900000,16.490000,15.820000,16.230000,14.106478,306500
2011-05-06,16.299999,16.549999,16.170000,16.209999,14.089097,273000
2011-05-09,16.240000,16.400000,15.990000,16.260000,14.132555,130500
2011-05-10,16.139999,16.400000,16.139999,16.379999,14.236851,187700
2011-05-11,16.360001,16.410000,16.080000,16.250000,14.123862,288100
2011-05-12,16.180000,16.639999,16.110001,16.540001,14.375921,164400
2011-05-13,16.750000,17.030001,16.209999,16.270000,14.141243,529500
2011-05-16,16.209999,16.799999,16.040001,16.250000,14.123862,433800
2011-05-17,16.110001,16.370001,16.000000,16.250000,14.123862,275500
2011-05-18,16.340000,16.719999,16.280001,16.620001,14.445449,176900
2011-05-19,16.629999,16.840000,16.240000,16.770000,14.575829,350000
2011-05-20,16.650000,16.959999,16.190001,16.610001,14.436762,433300
2011-05-23,16.350000,16.379999,16.110001,16.150000,14.036943,227500
2011-05-24,16.190001,16.500000,16.000000,16.160000,14.045640,263000
2011-05-25,16.110001,16.340000,16.000000,16.209999,14.089097,260700
2011-05-26,16.190001,16.730000,16.170000,16.709999,14.523676,281400
2011-05-27,16.750000,17.070000,16.610001,17.000000,14.775732,351100
2011-05-31,17.170000,17.309999,17.010000,17.299999,15.036489,569400
2011-06-01,17.170000,17.170000,16.629999,16.639999,14.462833,794500
2011-06-02,16.610001,16.830000,16.549999,16.700001,14.514986,256700
2011-06-03,16.440001,16.680000,16.100000,16.250000,14.123862,234000
2011-06-06,16.219999,16.290001,16.049999,16.090000,13.984796,175100
2011-06-07,16.230000,16.370001,16.049999,16.219999,14.097786,127900
2011-06-08,16.150000,16.309999,15.750000,15.900000,13.819655,223600
2011-06-09,15.990000,16.219999,15.420000,15.470000,13.445918,406900
2011-06-10,15.410000,15.490000,14.960000,15.180000,13.193862,289500
2011-06-13,15.180000,15.230000,14.980000,15.100000,13.124324,255200
2011-06-14,15.270000,15.450000,15.160000,15.300000,13.298163,239800
2011-06-15,15.130000,15.280000,14.710000,14.780000,12.846198,308300
2011-06-16,14.750000,15.110000,14.590000,14.770000,12.837506,315600
2011-06-17,14.840000,14.840000,14.140000,14.280000,12.411614,667700
2011-06-20,14.280000,14.500000,14.100000,14.340000,12.463768,260600
2011-06-21,14.430000,14.810000,14.250000,14.700000,12.776662,260800
2011-06-22,14.600000,14.680000,14.490000,14.490000,12.594140,233300
2011-06-23,14.280000,15.090000,14.250000,15.050000,13.080872,318400
2011-06-24,15.050000,15.190000,14.860000,15.140000,13.159095,869100
2011-06-27,15.080000,15.170000,14.790000,15.050000,13.080872,294700
2011-06-28,15.070000,15.260000,14.930000,15.210000,13.219936,227600
2011-06-29,15.250000,15.250000,14.830000,15.140000,13.159095,200600
2011-06-30,15.100000,15.560000,15.050000,15.420000,13.402458,342600
2011-07-01,15.430000,15.640000,15.160000,15.460000,13.437227,181100
2011-07-05,15.440000,15.500000,15.270000,15.340000,13.332927,136500
2011-07-06,15.330000,15.470000,14.950000,15.070000,13.098251,211500
2011-07-07,15.190000,15.540000,15.190000,15.300000,13.298163,274600
2011-07-08,15.080000,15.280000,14.690000,14.810000,12.872272,290900
2011-07-11,14.620000,14.980000,14.530000,14.800000,12.863580,203200
2011-07-12,14.670000,14.680000,13.960000,13.990000,12.159560,303200
2011-07-13,14.040000,14.400000,13.980000,14.250000,12.385540,230500
2011-07-14,14.200000,14.340000,13.780000,13.780000,11.977036,344000
2011-07-15,13.820000,14.060000,13.500000,13.600000,11.820587,394100
2011-07-18,13.550000,13.750000,13.430000,13.600000,11.820587,158700
2011-07-19,13.720000,13.980000,13.660000,13.660000,11.872735,317100
2011-07-20,13.690000,13.720000,13.440000,13.500000,11.733671,558500
2011-07-21,13.500000,13.710000,13.500000,13.650000,11.864045,313600
2011-07-22,13.680000,14.000000,13.520000,13.940000,12.116099,531900
2011-07-25,13.740000,13.890000,13.540000,13.690000,11.898809,238600
2011-07-26,13.730000,14.350000,13.730000,14.230000,12.368155,546600
2011-07-27,14.090000,14.190000,13.380000,13.650000,11.864045,398500
2011-07-28,13.630000,13.900000,13.450000,13.650000,11.864045,295600
2011-07-29,13.420000,13.810000,13.390000,13.490000,11.724980,514600
2011-08-01,13.550000,13.810000,12.980000,13.230000,11.498994,322700
2011-08-02,12.950000,13.350000,12.750000,12.760000,11.090490,254500
2011-08-03,14.170000,15.160000,13.550000,13.890000,12.072645,1760300
2011-08-04,13.700000,13.960000,13.100000,13.110000,11.394698,661200
2011-08-05,13.310000,13.750000,12.650000,12.800000,11.125258,678200
2011-08-08,12.540000,13.000000,11.730000,11.730000,10.195253,781500
2011-08-09,11.960000,12.330000,11.010000,12.290000,10.681984,797100
2011-08-10,11.800000,12.320000,11.470000,11.860000,10.308245,567300
2011-08-11,11.960000,12.600000,11.750000,12.450000,10.821053,363400
2011-08-12,12.590000,12.590000,12.050000,12.360000,10.742826,303100
2011-08-15,12.450000,12.590000,12.220000,12.530000,10.890583,480900
2011-08-16,12.410000,12.650000,12.250000,12.480000,10.847128,296700
2011-08-17,12.510000,12.660000,12.340000,12.550000,10.907968,230400
2011-08-18,12.150000,12.270000,11.500000,11.600000,10.082268,310600
2011-08-19,11.420000,11.800000,11.310000,11.460000,9.960585,163800
2011-08-22,11.770000,11.770000,11.180000,11.540000,10.030117,317800
2011-08-23,11.600000,12.490000,11.460000,12.450000,10.821053,335800
2011-08-24,12.450000,12.550000,12.250000,12.470000,10.838435,216600
2011-08-25,12.340000,12.480000,12.060000,12.140000,10.551610,222200
2011-08-26,12.020000,12.500000,11.850000,12.400000,10.777593,170500
2011-08-29,12.510000,12.800000,12.370000,12.800000,11.125258,209500
2011-08-30,12.700000,12.810000,12.380000,12.770000,11.099187,218800
2011-08-31,12.790000,12.800000,12.450000,12.630000,10.977499,293100
2011-09-01,12.600000,12.800000,11.900000,12.010000,10.438622,214600
2011-09-02,11.730000,11.850000,11.360000,11.440000,9.943200,177500
2011-09-06,11.100000,11.310000,10.970000,11.280000,9.804136,187300
2011-09-07,11.480000,11.710000,11.480000,11.700000,10.169182,237100
2011-09-08,11.630000,11.980000,11.300000,11.420000,9.925814,160300
2011-09-09,11.300000,11.480000,11.040000,11.220000,9.751981,261000
2011-09-12,11.020000,11.640000,11.010000,11.640000,10.117031,357500
2011-09-13,11.660000,12.070000,11.550000,11.950000,10.386469,262500
2011-09-14,12.030000,12.690000,11.970000,12.410000,10.786287,247300
2011-09-15,12.460000,12.820000,12.320000,12.790000,11.116566,327400
2011-09-16,12.860000,12.860000,12.510000,12.670000,11.012267,899600
2011-09-19,12.380000,12.580000,11.980000,12.210000,10.612452,220300
2011-09-20,12.230000,12.310000,11.520000,11.540000,10.030117,230600
2011-09-21,11.100000,11.800000,10.940000,10.960000,9.526003,482500
2011-09-22,10.610000,10.950000,10.480000,10.700000,9.300020,320500
2011-09-23,10.700000,11.100000,10.540000,11.000000,9.560770,191000
2011-09-26,11.100000,11.190000,10.520000,10.990000,9.552078,214000
2011-09-27,11.240000,11.450000,10.810000,11.120000,9.665070,555500
2011-09-28,11.150000,11.260000,10.440000,10.440000,9.074039,158800
2011-09-29,10.700000,10.770000,10.270000,10.570000,9.187030,194900
2011-09-30,10.390000,10.670000,10.160000,10.180000,8.848058,167600
2011-10-03,10.080000,10.270000,9.650000,9.670000,8.404788,395000
2011-10-04,9.560000,10.340000,9.490000,10.300000,8.952356,518100
2011-10-05,10.290000,10.760000,9.980000,10.600000,9.213107,223100
2011-10-06,10.610000,10.820000,10.460000,10.750000,9.343476,250200
2011-10-07,10.800000,10.990000,10.630000,10.900000,9.473853,318900
2011-10-10,11.110000,11.140000,10.920000,11.110000,9.656377,296100
2011-10-11,10.980000,11.130000,10.940000,11.010000,9.569461,171600
2011-10-12,11.120000,11.250000,10.920000,11.180000,9.717216,252200
2011-10-13,11.090000,11.800000,11.090000,11.740000,10.203947,221500
2011-10-14,11.900000,11.960000,11.700000,11.960000,10.395164,232100
2011-10-17,11.830000,11.940000,11.230000,11.300000,9.821515,227900
2011-10-18,11.320000,11.740000,11.110000,11.700000,10.169182,170200
2011-10-19,11.670000,11.730000,11.250000,11.280000,9.804136,157900
2011-10-20,11.270000,11.370000,10.870000,11.230000,9.760674,153900
2011-10-21,11.450000,11.600000,11.250000,11.570000,10.056193,172600
2011-10-24,11.650000,12.200000,11.650000,12.180000,10.586381,138300
2011-10-25,12.040000,12.230000,11.780000,11.820000,10.273477,223400
2011-10-26,12.000000,12.380000,11.630000,12.310000,10.699370,169900
2011-10-27,12.580000,13.420000,12.550000,12.750000,11.081800,431300
2011-10-28,11.660000,12.830000,11.660000,12.760000,11.090490,563400
2011-10-31,12.500000,12.740000,12.310000,12.460000,10.829741,172200
2011-11-01,11.910000,12.260000,11.780000,12.030000,10.456003,343900
2011-11-02,11.950000,12.050000,11.790000,12.030000,10.456003,336200
2011-11-03,12.170000,12.280000,11.850000,12.190000,10.595071,324500
2011-11-04,12.080000,12.500000,12.030000,12.480000,10.847128,137600
2011-11-07,12.450000,12.560000,12.250000,12.470000,10.838435,187500
2011-11-08,12.560000,12.990000,12.250000,12.680000,11.020956,138400
2011-11-09,12.330000,12.530000,11.930000,11.970000,10.403855,166400
2011-11-10,11.900000,12.250000,11.900000,12.090000,10.508153,138200
2011-11-11,12.210000,12.670000,12.130000,12.630000,10.977499,122400
2011-11-14,12.540000,12.610000,12.170000,12.300000,10.690677,110800
2011-11-15,12.250000,12.850000,12.200000,12.780000,11.107874,112000
2011-11-16,12.610000,13.060000,12.310000,12.700000,11.038341,258200
2011-11-17,12.640000,12.930000,11.960000,12.050000,10.473388,177100
2011-11-18,12.070000,12.140000,11.930000,11.960000,10.395164,118800
2011-11-21,11.750000,11.750000,11.410000,11.620000,10.099648,129200
2011-11-22,11.590000,11.740000,11.270000,11.290000,9.812825,106100
2011-11-23,11.170000,11.260000,10.950000,11.070000,9.621607,144900
2011-11-25,11.020000,11.180000,10.840000,10.850000,9.430396,70000
2011-11-28,11.310000,11.510000,11.020000,11.460000,9.960585,167100
2011-11-29,11.410000,11.540000,11.170000,11.270000,9.795443,68200
2011-11-30,11.750000,12.070000,11.420000,12.040000,10.464699,241500
2011-12-01,12.000000,12.440000,11.790000,12.360000,10.742826,250900
2011-12-02,12.510000,12.640000,12.200000,12.320000,10.708061,142800
2011-12-05,12.880000,13.280000,12.650000,13.180000,11.455539,322000
2011-12-06,13.180000,13.610000,13.050000,13.550000,11.777131,366800
2011-12-07,13.480000,14.160000,13.320000,14.110000,12.263860,689200
2011-12-08,13.920000,14.500000,13.920000,14.010000,12.176943,682800
2011-12-09,13.980000,14.170000,13.560000,13.930000,12.107412,419500
2011-12-12,13.640000,13.990000,13.400000,13.520000,11.751058,247900
2011-12-13,13.650000,13.890000,13.110000,13.660000,11.872735,418000
2011-12-14,13.580000,13.690000,13.360000,13.360000,11.611987,256100
2011-12-15,13.590000,13.730000,13.320000,13.430000,11.672830,236800
2011-12-16,13.550000,14.260000,13.550000,14.230000,12.368155,722800
2011-12-19,14.300000,14.490000,13.690000,13.710000,11.916198,175500
2011-12-20,14.040000,14.550000,13.950000,14.540000,12.637598,224100
2011-12-21,14.540000,14.660000,14.150000,14.580000,12.672362,226100
2011-12-22,14.600000,15.330000,14.510000,15.290000,13.289468,237200
2011-12-23,15.380000,15.540000,15.140000,15.530000,13.498068,138600
2011-12-27,15.460000,15.610000,15.250000,15.570000,13.532833,220300
2011-12-28,15.560000,15.560000,15.040000,15.080000,13.106944,281200
2011-12-29,15.100000,15.450000,15.020000,15.310000,13.306850,181100
2011-12-30,15.260000,15.420000,15.060000,15.070000,13.098251,142800
2012-01-03,15.450000,15.530000,15.110000,15.200000,13.211243,238100
2012-01-04,15.080000,15.300000,14.580000,14.860000,12.915730,232700
2012-01-05,14.810000,15.320000,14.680000,15.200000,13.211243,244500
2012-01-06,15.160000,15.340000,15.070000,15.200000,13.211243,139900
2012-01-09,15.270000,15.680000,15.220000,15.600000,13.558908,307500
2012-01-10,15.800000,15.800000,15.510000,15.630000,13.584985,178600
2012-01-11,15.500000,15.710000,15.500000,15.650000,13.602365,189000
2012-01-12,15.720000,15.720000,15.520000,15.650000,13.602365,215500
2012-01-13,15.500000,15.590000,15.150000,15.250000,13.254703,168000
2012-01-17,15.390000,15.650000,15.120000,15.300000,13.298163,214100
2012-01-18,15.450000,16.730000,15.240000,16.500000,14.341153,603500
2012-01-19,16.549999,16.799999,16.420000,16.750000,14.558445,256400
2012-01-20,16.709999,17.660000,16.629999,17.590000,15.288539,401900
2012-01-23,17.600000,17.650000,17.059999,17.120001,14.880033,247200
2012-01-24,17.059999,17.410000,16.980000,17.070000,14.836578,229900
2012-01-25,17.080000,17.080000,16.400000,16.660000,14.480216,292200
2012-01-26,16.660000,17.270000,16.120001,16.700001,14.514986,158000
2012-01-27,16.600000,16.799999,16.510000,16.690001,14.506295,133100
2012-01-30,16.469999,16.590000,16.160000,16.400000,14.254237,123400
2012-01-31,16.540001,16.650000,16.270000,16.389999,14.245543,99800
2012-02-01,16.580000,17.190001,16.500000,16.930000,14.714891,176200
2012-02-02,16.740000,16.920000,16.469999,16.580000,14.410686,186100
2012-02-03,16.780001,17.190001,16.730000,17.040001,14.810495,148300
2012-02-06,16.910000,17.020000,16.420000,16.459999,14.306384,97800
2012-02-07,16.420000,16.520000,16.180000,16.299999,14.167320,187900
2012-02-08,16.350000,16.660000,16.190001,16.309999,14.176006,201300
2012-02-09,16.440001,16.959999,16.059999,16.270000,14.141243,266500
2012-02-10,16.420000,18.730000,16.420000,17.000000,14.775732,1214600
2012-02-13,17.320000,17.639999,16.840000,17.559999,15.262465,464900
2012-02-14,17.160000,17.629999,16.840000,17.580000,15.279845,304300
2012-02-15,17.629999,17.799999,17.459999,17.610001,15.305924,182900
2012-02-16,17.600000,18.559999,17.340000,18.480000,16.062092,361200
2012-02-17,18.580000,18.639999,18.160000,18.219999,15.836110,226900
2012-02-21,18.100000,18.459999,17.590000,17.680000,15.366762,203100
2012-02-22,17.610001,17.889999,17.150000,17.690001,15.375455,199100
2012-02-23,17.780001,18.570000,17.430000,18.549999,16.122940,298100
2012-02-24,18.549999,19.150000,18.379999,19.000000,16.514048,698800
2012-02-27,18.920000,19.740000,18.600000,19.570000,17.009472,454000
2012-02-28,19.549999,19.840000,19.080000,19.270000,16.748732,467800
2012-02-29,19.270000,19.270000,18.590000,18.590000,16.157698,342600
2012-03-01,18.820000,18.980000,18.510000,18.690001,16.244614,334100
2012-03-02,18.709999,18.980000,18.330000,18.590000,16.157698,446300
2012-03-05,18.520000,18.520000,17.510000,17.840000,15.505825,526400
2012-03-06,17.629999,17.790001,17.309999,17.510000,15.219007,435700
2012-03-07,17.530001,17.670000,17.330000,17.400000,15.123399,639400
2012-03-08,17.480000,17.709999,17.290001,17.570000,15.271156,498300
2012-03-09,17.580000,18.200001,17.580000,18.080000,15.714425,394200
2012-03-12,18.090000,18.309999,17.959999,18.200001,15.818729,163700
2012-03-13,18.389999,18.660000,18.260000,18.549999,16.122940,290200
2012-03-14,18.590000,19.290001,18.520000,18.820000,16.357601,400100
2012-03-15,18.840000,19.209999,18.620001,19.139999,16.635735,336700
2012-03-16,19.230000,19.250000,18.920000,19.030001,16.540133,229500
2012-03-19,18.910000,19.580000,18.889999,19.350000,16.818262,158300
2012-03-20,19.219999,19.219999,18.820000,19.000000,16.514048,188400
2012-03-21,19.049999,19.350000,19.040001,19.080000,16.583588,103200
2012-03-22,18.840000,18.990000,18.680000,18.820000,16.357601,133500
2012-03-23,18.790001,19.280001,18.510000,19.129999,16.627041,111900
2012-03-26,19.370001,19.660000,19.330000,19.639999,17.070324,152500
2012-03-27,19.629999,19.910000,19.490000,19.620001,17.052933,190100
2012-03-28,19.590000,19.680000,19.100000,19.620001,17.052933,268200
2012-03-29,19.440001,19.639999,19.000000,19.559999,17.000782,135800
2012-03-30,19.760000,19.900000,19.240000,19.670000,17.096392,305500
2012-04-02,19.660000,19.990000,19.280001,19.879999,17.278913,212600
2012-04-03,19.889999,19.889999,19.299999,19.389999,16.853029,144400
2012-04-04,19.150000,19.150000,18.719999,19.049999,16.557508,279000
2012-04-05,18.730000,19.760000,18.730000,19.660000,17.087700,248300
2012-04-09,19.260000,19.459999,19.000000,19.100000,16.600965,243900
2012-04-10,19.240000,19.879999,19.010000,19.129999,16.627041,460900
2012-04-11,19.360001,19.559999,19.040001,19.309999,16.783495,263600
2012-04-12,19.340000,19.959999,19.309999,19.889999,17.287607,151000
2012-04-13,19.850000,19.850000,19.500000,19.719999,17.139851,149800
2012-04-16,19.730000,19.870001,19.510000,19.700001,17.122469,169500
2012-04-17,19.879999,20.750000,19.809999,20.180000,17.539669,445400
2012-04-18,20.000000,20.070000,19.650000,19.940001,17.331062,326900
2012-04-19,19.879999,20.170000,19.420000,19.650000,17.079014,210000
2012-04-20,19.980000,20.000000,19.209999,19.320000,16.792181,233800
2012-04-23,19.000000,19.180000,18.730000,19.110001,16.609665,399400
2012-04-24,19.190001,19.389999,19.070000,19.070000,16.574896,314300
2012-04-25,19.410000,19.700001,19.040001,19.430000,16.887796,483700
2012-04-26,19.459999,20.200001,19.430000,20.040001,17.417980,345900
2012-04-27,20.129999,20.590000,19.900000,20.459999,17.783028,318700
2012-04-30,20.360001,21.090000,20.100000,20.719999,18.009012,606500
2012-05-01,21.620001,22.400000,21.299999,21.379999,18.582657,1050400
2012-05-02,21.000000,21.360001,20.750000,21.350000,18.556580,430700
2012-05-03,21.320000,21.500000,20.820000,20.900000,18.165455,473700
2012-05-04,20.620001,21.010000,20.360001,20.760000,18.043781,349900
2012-05-07,20.540001,20.900000,20.370001,20.709999,18.000324,202300
2012-05-08,20.270000,20.900000,20.270000,20.770000,18.052471,316500
2012-05-09,20.500000,21.070000,20.330000,20.860001,18.130692,265400
2012-05-10,20.870001,21.219999,20.660000,21.080000,18.321907,270000
2012-05-11,20.889999,21.459999,20.709999,20.860001,18.130692,324500
2012-05-14,20.590000,21.100000,20.480000,20.950001,18.208923,217000
2012-05-15,20.940001,21.260000,20.520000,20.680000,17.974245,202700
2012-05-16,20.850000,20.850000,20.320000,20.469999,17.791721,231000
2012-05-17,20.530001,20.959999,20.400000,20.610001,17.913401,409300
2012-05-18,20.420000,20.620001,19.000000,19.209999,16.696579,795400
2012-05-21,19.209999,19.709999,18.940001,19.170000,16.661814,572400
2012-05-22,19.080000,19.209999,18.580000,18.709999,16.261999,703600
2012-05-23,18.480000,18.650000,18.120001,18.620001,16.183779,564000
2012-05-24,18.620001,18.629999,18.190001,18.209999,15.827418,365400
2012-05-25,18.260000,18.760000,17.740000,18.500000,16.079477,214400
2012-05-29,18.809999,19.010000,18.530001,18.969999,16.487978,322100
2012-05-30,18.690001,19.010000,18.430000,18.700001,16.253305,340900
2012-05-31,18.690001,18.930000,18.410000,18.790001,16.331530,283900
2012-06-01,18.330000,18.480000,17.770000,17.889999,15.549289,352400
2012-06-04,18.040001,18.490000,17.700001,18.150000,15.775269,425600
2012-06-05,18.129999,18.520000,17.910000,18.389999,15.983867,267500
2012-06-06,18.510000,18.770000,18.280001,18.459999,16.044704,472900
2012-06-07,18.740000,18.770000,18.100000,18.129999,15.757890,137400
2012-06-08,18.990000,20.150000,18.990000,20.000000,17.383213,924400
2012-06-11,20.190001,20.360001,19.290001,19.320000,16.792181,298000
2012-06-12,19.379999,20.059999,19.379999,19.490000,16.939951,262600
2012-06-13,19.530001,19.639999,19.139999,19.250000,16.731348,164000
2012-06-14,19.299999,19.520000,18.879999,19.379999,16.844341,126500
2012-06-15,19.309999,19.530001,18.940001,19.480000,16.931250,324000
2012-06-18,19.290001,20.000000,19.240000,19.780001,17.191999,126400
2012-06-19,19.809999,20.360001,19.740000,20.209999,17.565731,241400
2012-06-20,20.139999,20.440001,20.030001,20.389999,17.722185,190200
2012-06-21,20.320000,20.420000,19.709999,19.790001,17.200687,196900
2012-06-22,19.840000,20.480000,19.719999,20.330000,17.670042,526300
2012-06-25,20.090000,20.090000,19.340000,19.350000,16.818262,196600
2012-06-26,19.350000,19.680000,18.360001,19.200001,16.687889,211400
2012-06-27,19.190001,19.500000,19.190001,19.420000,16.879108,375500
2012-06-28,19.170000,19.430000,18.959999,19.370001,16.835648,209100
2012-06-29,19.830000,20.010000,19.570000,19.850000,17.252842,313200
2012-07-02,19.990000,20.480000,19.520000,19.940001,17.331062,420100
2012-07-03,20.020000,20.660000,19.830000,20.639999,17.939480,117600
2012-07-05,20.680000,20.900000,20.440001,20.889999,18.156771,224400
2012-07-06,20.680000,20.680000,19.820000,20.070000,17.444057,484300
2012-07-09,19.900000,20.040001,19.620001,19.920000,17.313683,415900
2012-07-10,19.889999,20.100000,19.350000,19.639999,17.070324,453100
2012-07-11,19.709999,20.020000,19.420000,19.690001,17.113773,541200
2012-07-12,19.480000,19.580000,18.920000,19.209999,16.696579,233300
2012-07-13,19.330000,19.500000,18.969999,19.090000,16.592278,539900
2012-07-16,19.010000,19.200001,18.280001,18.370001,15.966488,371900
2012-07-17,18.469999,18.580000,18.139999,18.389999,15.983867,249100
2012-07-18,18.340000,19.100000,18.320000,18.750000,16.296762,152400
2012-07-19,18.900000,19.639999,18.889999,19.500000,16.948633,543000
2012-07-20,19.440001,19.490000,18.910000,19.280001,16.757420,326300
2012-07-23,18.900000,19.190001,18.320000,19.000000,16.514048,348600
2012-07-24,18.750000,18.900000,17.600000,17.670000,15.358074,979400
2012-07-25,17.820000,18.340000,17.590000,17.870001,15.531902,311700
2012-07-26,18.139999,18.350000,17.840000,18.020000,15.662278,234100
2012-07-27,18.059999,18.920000,18.030001,18.520000,16.096849,467700
2012-07-30,18.459999,18.530001,17.719999,17.900000,15.557975,550200
2012-07-31,17.070000,20.600000,17.070000,19.379999,16.844341,1731200
2012-08-01,19.480000,19.559999,18.900000,19.000000,16.514048,535300
2012-08-02,19.000000,19.600000,18.830000,19.030001,16.540133,510300
2012-08-03,19.240000,20.180000,19.040001,20.080000,17.452747,448700
2012-08-06,20.030001,20.459999,18.830000,19.840000,17.244148,565300
2012-08-07,19.870001,20.780001,19.730000,20.500000,17.817797,728700
2012-08-08,20.330000,20.740000,19.990000,20.559999,17.869942,235700
2012-08-09,20.459999,21.260000,20.410000,21.139999,18.374060,470600
2012-08-10,20.730000,21.250000,20.709999,21.100000,18.339294,218600
2012-08-13,21.120001,21.120001,20.540001,20.750000,18.035086,197000
2012-08-14,20.809999,21.209999,20.490000,21.020000,18.269760,439300
2012-08-15,20.870001,21.080000,20.760000,21.040001,18.287142,227700
2012-08-16,21.100000,21.930000,20.969999,21.840000,18.982470,384500
2012-08-17,21.730000,22.000000,21.410000,21.980000,19.104156,316600
2012-08-20,21.900000,22.049999,21.629999,21.900000,19.034620,302200
2012-08-21,21.920000,22.290001,21.730000,21.920000,19.052006,277800
2012-08-22,21.809999,22.139999,21.400000,22.030001,19.147610,518900
2012-08-23,21.910000,22.400000,21.680000,22.080000,19.191069,583900
2012-08-24,21.959999,22.600000,21.910000,22.500000,19.556120,677100
2012-08-27,22.600000,23.070000,22.219999,22.549999,19.599575,1154300
2012-08-28,22.459999,22.709999,22.100000,22.190001,19.286676,797800
2012-08-29,22.250000,22.250000,21.799999,21.879999,19.017237,295900
2012-08-30,21.820000,21.820000,21.400000,21.480000,18.669573,151500
2012-08-31,21.709999,21.709999,21.260000,21.559999,18.739105,394300
2012-09-04,20.629999,20.920000,19.809999,20.170000,17.530973,967500
2012-09-05,20.150000,20.340000,20.090000,20.230000,17.583124,424600
2012-09-06,20.370001,21.090000,20.370001,21.030001,18.278444,320700
2012-09-07,20.940001,21.160000,20.670000,21.150000,18.382751,259800
2012-09-10,21.070000,21.230000,20.730000,20.820000,18.095926,148000
2012-09-11,20.910000,21.150000,20.820000,20.959999,18.217607,184700
2012-09-12,21.080000,21.180000,20.770000,20.860001,18.130692,155200
2012-09-13,20.980000,21.059999,20.719999,20.900000,18.165455,209400
2012-09-14,21.059999,21.490000,20.889999,21.180000,18.408825,318200
2012-09-17,21.180000,21.180000,20.469999,20.650000,17.948170,253300
2012-09-18,20.540001,20.820000,20.459999,20.629999,17.930786,237600
2012-09-19,20.750000,20.780001,20.400000,20.719999,18.009012,174000
2012-09-20,20.610001,20.860001,20.469999,20.730000,18.017704,173000
2012-09-21,21.020000,21.040001,20.610001,20.629999,17.930786,559900
2012-09-24,20.530001,20.770000,20.299999,20.309999,17.652653,240100
2012-09-25,20.530001,20.670000,19.680000,19.740000,17.157232,217400
2012-09-26,19.750000,19.920000,18.850000,19.370001,16.835648,396800
2012-09-27,19.530001,20.120001,19.350000,19.990000,17.374521,169400
2012-09-28,19.860001,19.969999,19.629999,19.750000,17.165920,211800
2012-10-01,19.770000,20.070000,19.260000,19.389999,16.853029,216700
2012-10-02,19.500000,19.559999,18.990000,19.150000,16.644430,228700
2012-10-03,19.230000,19.250000,18.590000,18.750000,16.296762,310300
2012-10-04,18.790001,18.790001,18.209999,18.320000,15.923027,433700
2012-10-05,18.350000,18.540001,18.250000,18.260000,15.870879,360000
2012-10-08,18.170000,18.309999,17.900000,17.920000,15.575364,227500
2012-10-09,18.030001,18.350000,17.559999,17.900000,15.557975,492300
2012-10-10,17.889999,18.120001,17.590000,18.000000,15.644893,276600
2012-10-11,18.160000,18.490000,18.040001,18.389999,15.983867,313600
2012-10-12,18.350000,18.510000,18.139999,18.370001,15.966488,316900
2012-10-15,18.320000,18.530001,18.209999,18.510000,16.088165,307400
2012-10-16,18.580000,18.870001,18.450001,18.850000,16.383686,258900
2012-10-17,18.770000,19.370001,18.540001,19.150000,16.644430,252000
2012-10-18,19.040001,19.129999,18.730000,18.930000,16.453213,229900
2012-10-19,18.809999,18.809999,18.230000,18.360001,15.957797,240700
2012-10-22,18.299999,18.580000,18.230000,18.420000,16.009943,129700
2012-10-23,18.160000,18.930000,18.139999,18.809999,16.348909,182200
2012-10-24,18.950001,18.950001,18.370001,18.400000,15.992558,167500
2012-10-25,18.549999,18.660000,18.170000,18.530001,16.105547,220100
2012-10-26,18.590000,19.290001,18.459999,19.250000,16.731348,337500
2012-10-31,19.209999,19.580000,19.040001,19.430000,16.887796,417800
2012-11-01,19.459999,19.959999,18.340000,19.840000,17.244148,286800
2012-11-02,17.170000,19.389999,17.170000,19.000000,16.514048,633300
2012-11-05,18.860001,19.590000,18.000000,19.450001,16.905178,194900
2012-11-06,19.450001,19.730000,19.350000,19.440001,16.896488,213200
2012-11-07,19.200001,19.309999,18.690001,19.040001,16.548824,206300
2012-11-08,18.860001,19.240000,18.780001,19.000000,16.514048,173400
2012-11-09,18.900000,19.660000,18.879999,19.559999,17.000782,346400
2012-11-12,19.360001,19.480000,19.160000,19.270000,16.748732,270100
2012-11-13,19.100000,19.330000,18.580000,19.090000,16.592278,273500
2012-11-14,19.190001,19.219999,18.650000,18.740000,16.288078,210400
2012-11-15,18.450001,18.750000,17.540001,18.400000,15.992558,241100
2012-11-16,18.350000,18.959999,18.000000,18.879999,16.409750,255500
2012-11-19,19.049999,19.780001,18.850000,19.740000,17.157232,555300
2012-11-20,19.629999,19.629999,19.250000,19.400000,16.861719,194500
2012-11-21,19.490000,19.799999,19.219999,19.660000,17.087700,141800
2012-11-23,19.790001,20.070000,19.540001,19.920000,17.313683,108900
2012-11-26,19.879999,20.309999,19.730000,20.309999,17.652653,156000
2012-11-27,20.209999,20.450001,20.049999,20.180000,17.539669,152000
2012-11-28,20.100000,20.450001,19.889999,20.350000,17.687422,137600
2012-11-29,20.490000,21.240000,20.379999,21.120001,18.356674,410000
2012-11-30,21.100000,21.290001,20.840000,21.160000,18.391439,295200
2012-12-03,21.340000,21.510000,21.059999,21.420000,18.617426,232500
2012-12-04,21.400000,21.600000,21.110001,21.430000,18.626116,243400
2012-12-05,21.510000,21.570000,21.040001,21.459999,18.652187,175400
2012-12-06,21.290001,21.450001,20.900000,21.010000,18.261070,349500
2012-12-07,21.090000,21.100000,20.440001,20.980000,18.234991,192100
2012-12-10,21.000000,21.240000,20.820000,21.080000,18.321907,155600
2012-12-11,21.320000,22.020000,21.280001,21.990000,19.112850,356900
2012-12-12,22.129999,22.309999,21.760000,21.930000,19.060699,345600
2012-12-13,21.910000,22.070000,21.400000,21.510000,18.695652,215100
2012-12-14,21.420000,21.900000,21.330000,21.799999,18.947706,145300
2012-12-17,21.879999,22.070000,21.680000,21.969999,19.095461,146900
2012-12-18,21.920000,22.379999,21.750000,22.250000,19.338827,265500
2012-12-19,21.209999,21.660000,21.000000,21.500000,19.566339,235200
2012-12-20,21.580000,21.660000,21.230000,21.580000,19.639149,333300
2012-12-21,21.240000,21.959999,20.690001,21.690001,19.739256,559500
2012-12-24,21.780001,21.790001,21.430000,21.730000,19.775658,85600
2012-12-26,21.770000,21.959999,21.160000,21.549999,19.611845,141000
2012-12-27,21.809999,21.889999,21.100000,21.740000,19.784760,336500
2012-12-28,21.570000,21.969999,21.410000,21.580000,19.639149,173200
2012-12-31,21.639999,22.330000,21.330000,22.280001,20.276196,475000
2013-01-02,22.790001,23.000000,22.580000,22.830000,20.776726,637500
2013-01-03,22.940001,23.180000,22.680000,22.950001,20.885941,321200
2013-01-04,23.070000,23.070000,22.530001,22.580000,20.549213,181100
2013-01-07,22.370001,22.490000,22.040001,22.180000,20.185184,259000
2013-01-08,22.219999,22.430000,21.879999,22.309999,20.303493,364000
2013-01-09,22.360001,22.990000,22.290001,22.969999,20.904129,321200
2013-01-10,22.990000,23.030001,22.500000,22.990000,20.922333,369700
2013-01-11,22.930000,22.930000,22.459999,22.590000,20.558315,203100
2013-01-14,22.430000,22.690001,22.230000,22.440001,20.421795,238500
2013-01-15,22.379999,22.889999,22.350000,22.740000,20.694815,306100
2013-01-16,22.629999,23.230000,22.629999,23.000000,20.931437,292400
2013-01-17,23.170000,23.650000,23.160000,23.580000,21.459272,583200
2013-01-18,23.480000,23.559999,23.240000,23.440001,21.331867,487500
2013-01-22,23.480000,23.540001,22.799999,23.410000,21.304560,432800
2013-01-23,23.459999,23.459999,23.139999,23.320000,21.222651,303700
2013-01-24,23.219999,23.600000,23.059999,23.320000,21.222651,240600
2013-01-25,23.480000,23.480000,23.170000,23.410000,21.304560,170800
2013-01-28,23.370001,23.549999,23.260000,23.370001,21.268152,251200
2013-01-29,23.299999,23.299999,23.049999,23.230000,21.140751,247300
2013-01-30,23.190001,23.330000,23.049999,23.180000,21.095253,299400
2013-01-31,23.240000,23.570000,23.170000,23.320000,21.222651,313500
2013-02-01,23.400000,23.740000,23.320000,23.660000,21.532085,293200
2013-02-04,23.280001,23.639999,23.209999,23.209999,21.122549,209100
2013-02-05,23.260000,23.549999,23.080000,23.200001,21.113455,397500
2013-02-06,23.040001,23.250000,22.660000,23.219999,21.131647,488700
2013-02-07,23.700001,25.090000,23.510000,24.590000,22.378433,1677900
2013-02-08,24.590000,25.200001,24.299999,24.830000,22.596849,438800
2013-02-11,24.600000,24.840000,24.500000,24.830000,22.596849,247000
2013-02-12,24.790001,25.180000,24.620001,25.000000,22.751560,382900
2013-02-13,24.910000,25.129999,24.790001,24.980000,22.733364,259900
2013-02-14,24.969999,25.200001,24.820000,25.200001,22.933569,137800
2013-02-15,25.160000,25.430000,24.910000,25.160000,22.897163,300800
2013-02-19,25.059999,25.600000,25.059999,25.510000,23.215691,387700
2013-02-20,25.500000,25.660000,25.020000,25.020000,22.769762,231000
2013-02-21,24.920000,24.920000,24.270000,24.600000,22.387535,229300
2013-02-22,24.670000,25.049999,24.570000,24.840000,22.605955,285000
2013-02-25,24.990000,24.990000,24.250000,24.250000,22.069014,230400
2013-02-26,24.370001,24.690001,24.250000,24.400000,22.205523,174300
2013-02-27,24.410000,24.950001,24.410000,24.620001,22.405739,238400
2013-02-28,24.590000,24.820000,24.450001,24.590000,22.378433,201500
2013-03-01,24.330000,24.760000,23.900000,24.600000,22.387535,233600
2013-03-04,24.600000,24.740000,24.180000,24.290001,22.105423,202200
2013-03-05,24.430000,24.650000,24.280001,24.549999,22.342033,228900
2013-03-06,24.580000,24.799999,24.500000,24.650000,22.433035,233600
2013-03-07,24.610001,24.809999,24.330000,24.450001,22.251028,238900
2013-03-08,24.790001,24.870001,24.430000,24.600000,22.387535,218400
2013-03-11,24.559999,24.559999,24.250000,24.370001,22.178219,213700
2013-03-12,24.340000,24.389999,24.150000,24.280001,22.096313,243500
2013-03-13,24.299999,24.590000,24.180000,24.549999,22.342033,168100
2013-03-14,24.559999,24.840000,24.490000,24.559999,22.351135,192200
2013-03-15,24.520000,24.570000,24.000000,24.080000,21.914307,411100
2013-03-18,23.780001,24.170000,23.500000,23.780001,21.641285,350700
2013-03-19,23.740000,24.139999,23.570000,23.629999,21.504772,378900
2013-03-20,23.840000,24.440001,23.740000,24.340000,22.150917,206400
2013-03-21,24.040001,24.150000,23.580000,23.650000,21.522970,218500
2013-03-22,23.690001,23.840000,23.450001,23.559999,21.441069,182800
2013-03-25,23.680000,24.020000,23.360001,23.530001,21.413767,279600
2013-03-26,23.700001,24.379999,23.680000,24.270000,22.087219,222300
2013-03-27,24.120001,24.299999,23.950001,24.139999,21.968910,210300
2013-03-28,24.190001,24.420000,23.950001,24.370001,22.178219,339900
2013-04-01,24.270000,24.469999,23.459999,23.610001,21.486576,283900
2013-04-02,23.799999,23.840000,23.150000,23.219999,21.131647,265500
2013-04-03,23.240000,23.240000,22.559999,22.590000,20.558315,157100
2013-04-04,22.580000,22.770000,22.309999,22.740000,20.694815,231200
2013-04-05,22.290001,22.520000,22.000000,22.510000,20.485504,298800
2013-04-08,22.620001,22.940001,22.280001,22.900000,20.840427,243600
2013-04-09,22.870001,23.139999,22.430000,22.879999,20.822233,229300
2013-04-10,22.930000,23.389999,22.830000,23.070000,20.995140,348800
2013-04-11,22.980000,23.260000,22.760000,22.809999,20.758512,312200
2013-04-12,22.629999,22.639999,22.260000,22.410000,20.394499,229800
2013-04-15,22.190001,22.309999,21.600000,21.930000,19.957670,384200
2013-04-16,22.160000,22.709999,21.930000,22.660000,20.622017,256000
2013-04-17,22.480000,22.480000,21.459999,21.760000,19.802961,378400
2013-04-18,21.870001,22.010000,21.070000,21.170000,19.266018,372800
2013-04-19,21.209999,21.250000,20.639999,20.990000,19.102209,349500
2013-04-22,21.000000,21.280001,20.670000,21.240000,19.329725,206600
2013-04-23,21.480000,22.370001,21.280001,22.280001,20.276196,396300
2013-04-24,22.250000,22.610001,22.200001,22.610001,20.576515,839000
2013-04-25,22.610001,23.080000,22.610001,23.010000,20.940538,296600
2013-04-26,22.860001,23.299999,22.850000,23.070000,20.995140,289100
2013-04-29,23.230000,23.370001,22.740000,23.290001,21.195351,447900
2013-04-30,24.200001,24.500000,23.860001,24.120001,21.950703,592600
2013-05-01,24.090000,24.230000,23.350000,23.350000,21.249960,343400
2013-05-02,23.170000,24.030001,23.170000,23.900000,21.750488,266200
2013-05-03,24.180000,24.459999,24.120001,24.240000,22.059917,350500
2013-05-06,24.309999,24.500000,24.209999,24.330000,22.141817,123700
2013-05-07,24.240000,24.430000,24.010000,24.420000,22.223721,236600
2013-05-08,24.100000,24.600000,24.100000,24.549999,22.342033,237900
2013-05-09,24.590000,24.590000,24.200001,24.250000,22.069014,284500
2013-05-10,24.219999,24.500000,24.219999,24.459999,22.260136,181200
2013-05-13,24.469999,24.500000,24.110001,24.240000,22.059917,71700
2013-05-14,24.209999,24.600000,24.209999,24.450001,22.251028,136000
2013-05-15,24.299999,24.549999,24.299999,24.400000,22.205523,281400
2013-05-16,24.270000,24.580000,24.200001,24.330000,22.141817,191800
2013-05-17,24.340000,24.370001,23.870001,24.129999,21.959808,412500
2013-05-20,23.990000,24.650000,23.990000,24.219999,22.041708,224900
2013-05-21,24.299999,24.570000,24.080000,24.400000,22.205523,152300
2013-05-22,24.370001,24.620001,23.850000,23.920000,21.768700,165300
2013-05-23,23.709999,24.070000,23.500000,24.020000,21.859697,166100
2013-05-24,23.930000,24.139999,23.760000,24.110001,21.941607,90900
2013-05-28,24.540001,24.670000,24.180000,24.459999,22.260136,184900
2013-05-29,24.330000,24.490000,24.170000,24.450001,22.251028,143300
2013-05-30,24.500000,24.850000,24.410000,24.790001,22.560446,226700
2013-05-31,24.600000,24.780001,24.549999,24.570000,22.360235,195900
2013-06-03,24.629999,24.799999,24.200001,24.780001,22.551348,309800
2013-06-04,24.959999,25.500000,24.889999,24.980000,22.733364,577300
2013-06-05,25.090000,25.170000,24.639999,24.660000,22.442141,757900
2013-06-06,24.610001,24.910000,23.930000,24.350000,22.160023,237600
2013-06-07,24.600000,24.650000,23.980000,24.510000,22.305634,759400
2013-06-10,24.690001,25.040001,24.639999,25.020000,22.769762,374600
2013-06-11,24.719999,24.980000,24.440001,24.480000,22.278330,279500
2013-06-12,24.660000,24.780001,24.040001,24.049999,21.886997,172700
2013-06-13,24.070000,24.740000,23.910000,24.629999,22.414837,256400
2013-06-14,24.549999,24.670000,24.070000,24.250000,22.069014,371300
2013-06-17,24.580000,25.010000,24.309999,24.910000,22.669657,252000
2013-06-18,24.879999,25.080000,24.670000,24.840000,22.605955,572600
2013-06-19,24.780001,25.150000,24.690001,24.690001,22.469439,188400
2013-06-20,24.299999,24.490000,23.959999,24.150000,21.978012,172600
2013-06-21,24.230000,24.379999,23.950001,24.150000,21.978012,302500
2013-06-24,23.910000,23.990000,23.469999,23.709999,21.577583,285000
2013-06-25,23.900000,24.000000,23.559999,23.850000,21.704983,413800
2013-06-26,24.049999,24.260000,23.709999,24.059999,21.896103,262700
2013-06-27,24.270000,24.410000,23.910000,24.250000,22.069014,187400
2013-06-28,24.219999,24.500000,24.040001,24.110001,21.941607,698100
2013-07-01,24.200001,24.230000,23.809999,23.930000,21.777794,312200
2013-07-02,23.940001,24.420000,23.719999,24.049999,21.886997,195600
2013-07-03,23.980000,24.600000,23.809999,24.490000,22.287424,86900
2013-07-05,24.750000,24.870001,24.510000,24.840000,22.605955,143400
2013-07-08,24.860001,24.940001,24.049999,24.260000,22.078115,239900
2013-07-09,24.370001,24.950001,24.360001,24.549999,22.342033,304300
2013-07-10,24.530001,24.719999,24.230000,24.590000,22.378433,344200
2013-07-11,24.840000,25.250000,24.760000,25.240000,22.969975,260500
2013-07-12,25.040001,25.320000,24.900000,25.129999,22.869865,268900
2013-07-15,25.200001,25.799999,25.129999,25.700001,23.388607,284600
2013-07-16,25.700001,26.010000,25.590000,26.010000,23.670725,247900
2013-07-17,26.110001,26.379999,26.000000,26.330000,23.961946,302900
2013-07-18,26.330000,26.400000,26.049999,26.150000,23.798126,371000
2013-07-19,26.000000,26.100000,25.740000,25.980000,23.643415,273600
2013-07-22,25.950001,26.320000,25.889999,26.230000,23.870939,255900
2013-07-23,26.389999,26.799999,26.120001,26.400000,24.025648,220600
2013-07-24,26.580000,26.650000,26.100000,26.250000,23.889135,345600
2013-07-25,26.139999,26.500000,25.910000,26.190001,23.834534,250000
2013-07-26,25.889999,26.070000,25.790001,26.010000,23.670725,283300
2013-07-29,25.900000,26.190001,25.879999,26.000000,23.661627,359600
2013-07-30,26.070000,26.200001,25.910000,26.090000,23.743532,152200
2013-07-31,26.049999,26.430000,25.980000,26.180000,23.825443,241600
2013-08-01,26.309999,26.459999,26.020000,26.430000,24.052950,271400
2013-08-02,26.209999,26.280001,25.790001,26.200001,23.843636,235000
2013-08-05,26.030001,26.430000,25.990000,26.410000,24.034748,156500
2013-08-06,26.200001,26.410000,26.110001,26.309999,23.943743,510200
2013-08-07,27.000000,28.799999,26.840000,28.700001,26.118793,1492400
2013-08-08,28.280001,29.049999,28.270000,28.770000,26.182499,529800
2013-08-09,28.309999,28.410000,27.410000,28.340000,25.791168,493700
2013-08-12,28.080000,29.000000,28.080000,28.969999,26.364510,216000
2013-08-13,29.000000,29.379999,28.730000,29.350000,26.710329,339900
2013-08-14,28.940001,29.250000,28.770000,28.969999,26.364510,266700
2013-08-15,28.709999,29.500000,28.420000,28.740000,26.155195,491400
2013-08-16,28.610001,29.430000,28.500000,28.969999,26.364510,287700
2013-08-19,29.090000,29.200001,28.520000,28.559999,25.991379,158100
2013-08-20,28.670000,29.219999,28.580000,28.980000,26.373606,170400
2013-08-21,28.959999,28.959999,28.559999,28.670000,26.091490,197500
2013-08-22,28.580000,28.969999,28.490000,28.860001,26.264402,108300
2013-08-23,28.850000,29.080000,28.730000,28.980000,26.373606,192100
2013-08-26,29.139999,29.139999,28.709999,28.830000,26.237099,150500
2013-08-27,28.430000,28.750000,28.209999,28.610001,26.036880,331700
2013-08-28,28.530001,29.190001,28.500000,28.910000,26.309910,195200
2013-08-29,29.000000,30.379999,29.000000,30.250000,27.529385,838200
2013-08-30,30.510000,30.709999,30.070000,30.620001,27.866112,464800
2013-09-03,30.900000,31.180000,29.709999,30.260000,27.538492,289400
2013-09-04,30.260000,31.049999,30.260000,30.809999,28.039021,269500
2013-09-05,30.820000,30.990000,30.430000,30.680000,27.920715,279500
2013-09-06,30.809999,30.809999,30.080000,30.440001,27.702297,274100
2013-09-09,30.639999,30.740000,30.190001,30.570000,27.820608,443100
2013-09-10,30.870001,31.090000,30.670000,31.049999,28.257435,267000
2013-09-11,30.809999,31.440001,30.389999,30.959999,28.175533,222800
2013-09-12,30.969999,31.350000,30.650000,30.680000,27.920715,112100
2013-09-13,29.200001,30.370001,29.150000,30.370001,27.638597,406500
2013-09-16,30.620001,30.950001,30.190001,30.190001,27.474785,191600
2013-09-17,30.070000,30.730000,29.940001,30.549999,27.802412,179500
2013-09-18,30.610001,30.879999,30.389999,30.650000,27.893406,158900
2013-09-19,30.680000,30.959999,30.520000,30.719999,27.957123,93000
2013-09-20,30.000000,31.049999,30.000000,30.540001,27.793312,384300
2013-09-23,30.580000,30.840000,30.200001,30.370001,27.638597,158400
2013-09-24,30.379999,30.790001,30.250000,30.480000,27.738708,198700
2013-09-25,30.500000,30.510000,30.090000,30.180000,27.465683,221700
2013-09-26,30.320000,30.520000,30.049999,30.200001,27.483887,218100
2013-09-27,30.030001,30.200001,29.840000,29.910000,27.219963,203800
2013-09-30,29.889999,30.280001,29.530001,30.280001,27.556694,340600
2013-10-01,30.299999,31.000000,30.219999,30.820000,28.048130,367300
2013-10-02,30.660000,31.059999,30.459999,30.820000,28.048130,171400
2013-10-03,30.799999,30.969999,30.629999,30.719999,27.957123,293000
2013-10-04,30.639999,31.330000,30.639999,31.170000,28.366648,174900
2013-10-07,30.940001,31.250000,30.900000,30.940001,28.157330,257600
2013-10-08,31.030001,31.340000,29.780001,30.139999,27.429279,398600
2013-10-09,30.230000,30.230000,28.719999,29.799999,27.119860,545500
2013-10-10,30.100000,30.719999,29.840000,30.580000,27.829710,240300
2013-10-11,30.469999,30.770000,30.389999,30.730000,27.966221,367900
2013-10-14,30.490000,31.330000,30.490000,31.320000,28.503160,258700
2013-10-15,31.320000,31.420000,30.820000,30.940001,28.157330,177800
2013-10-16,31.080000,31.270000,30.490000,31.219999,28.412148,269900
2013-10-17,31.070000,31.500000,30.610001,31.330000,28.512253,250600
2013-10-18,31.059999,31.080000,30.490000,30.770000,28.002621,440500
2013-10-21,30.719999,31.000000,30.110001,30.190001,27.474785,508200
2013-10-22,30.160000,30.160000,28.910000,28.950001,26.346308,702100
2013-10-23,28.690001,28.830000,27.879999,28.049999,25.527250,639900
2013-10-24,28.049999,28.090000,27.250000,27.590000,25.108620,799200
2013-10-25,31.750000,32.900002,31.000000,32.290001,29.385920,2625700
2013-10-28,32.160000,32.480000,31.639999,31.879999,29.012791,518900
2013-10-29,31.879999,32.380001,31.840000,32.349998,29.440525,318800
2013-10-30,32.320000,32.320000,30.900000,31.340000,28.521358,724200
2013-10-31,31.290001,32.080002,31.290001,31.840000,28.976393,403400
2013-11-01,31.840000,31.990000,31.129999,31.510000,28.676075,431900
2013-11-04,31.440001,31.770000,31.400000,31.709999,28.858084,349700
2013-11-05,31.430000,31.870001,31.270000,31.690001,28.839882,173400
2013-11-06,31.730000,32.029999,31.420000,31.950001,29.076500,168300
2013-11-07,32.000000,32.070000,31.200001,31.209999,28.403040,274600
2013-11-08,31.049999,31.950001,30.840000,31.900000,29.030991,263300
2013-11-11,31.770000,32.799999,31.490000,32.410000,29.495129,492200
2013-11-12,32.189999,32.630001,32.189999,32.410000,29.495129,206100
2013-11-13,32.130001,33.509998,32.130001,33.240002,30.250469,471800
2013-11-14,33.110001,33.450001,32.320000,32.570000,29.640736,447000
2013-11-15,32.520000,32.660000,32.110001,32.570000,29.640736,430700
2013-11-18,32.590000,32.990002,32.349998,32.590000,29.658936,320200
2013-11-19,32.570000,32.799999,31.520000,31.750000,28.894482,324800
2013-11-20,31.930000,32.240002,31.530001,31.790001,28.930897,208000
2013-11-21,31.870001,32.619999,31.790001,32.209999,29.313108,306400
2013-11-22,32.209999,32.369999,32.029999,32.230000,29.331308,228300
2013-11-25,32.180000,32.500000,31.809999,32.270000,29.367716,272400
2013-11-26,32.299999,32.799999,32.279999,32.740002,29.795443,265500
2013-11-27,32.669998,33.490002,32.500000,33.459999,30.450687,308600
2013-11-29,33.660000,33.790001,33.299999,33.400002,30.396088,282300
2013-12-02,33.480000,33.549999,32.709999,32.770000,29.822754,327900
2013-12-03,32.660000,33.310001,32.389999,32.610001,29.677143,383000
2013-12-04,32.570000,33.509998,32.419998,32.730000,29.786339,299500
2013-12-05,32.840000,33.380001,32.470001,32.799999,29.850052,213400
2013-12-06,33.150002,33.919998,32.959999,33.799999,30.760113,268000
2013-12-09,33.939999,33.939999,33.320000,33.389999,30.386988,220100
2013-12-10,33.400002,33.480000,32.610001,32.990002,30.022961,286400
2013-12-11,33.090000,33.090000,32.049999,32.270000,29.367716,389400
2013-12-12,32.369999,32.439999,31.580000,31.680000,28.830776,334900
2013-12-13,31.830000,32.130001,31.500000,31.730000,28.876282,213000
2013-12-16,32.000000,32.320000,31.809999,32.160000,29.267611,347300
2013-12-17,32.049999,32.869999,31.940001,32.509998,29.586126,293500
2013-12-18,32.590000,32.910000,32.180000,32.700001,29.759039,332800
2013-12-19,32.660000,32.820000,31.940001,32.630001,29.695339,355600
2013-12-20,32.830002,33.619999,32.389999,33.209999,30.223173,694300
2013-12-23,33.419998,33.869999,33.040001,33.820000,30.778299,359100
2013-12-24,33.759998,33.980000,33.410000,33.790001,30.751013,174300
2013-12-26,33.930000,34.000000,33.500000,33.900002,30.851135,212000
2013-12-27,33.980000,34.340000,33.599998,33.849998,30.805614,238500
2013-12-30,33.910000,34.380001,33.869999,34.150002,31.078627,282300
2013-12-31,34.320000,34.759998,34.230000,34.660000,31.542757,244700
2014-01-02,34.490002,34.490002,33.450001,34.029999,30.969425,257600
2014-01-03,34.070000,34.509998,33.820000,34.270000,31.187845,295000
2014-01-06,34.430000,34.470001,33.720001,33.750000,30.714609,226100
2014-01-07,33.970001,34.080002,33.570000,33.889999,30.842012,207100
2014-01-08,33.950001,34.290001,33.730000,34.279999,31.196939,399200
2014-01-09,34.310001,34.310001,33.619999,33.709999,30.678207,157200
2014-01-10,33.820000,34.009998,33.520000,33.650002,30.623606,196200
2014-01-13,33.500000,33.700001,32.950001,33.070000,30.095762,278100
2014-01-14,33.189999,33.779999,32.970001,33.779999,30.741915,327000
2014-01-15,33.770000,34.360001,33.770000,34.110001,31.042231,260700
2014-01-16,33.939999,34.389999,33.709999,33.990002,30.933035,313300
2014-01-17,33.820000,34.439999,33.770000,34.389999,31.297041,198900
2014-01-21,34.540001,34.580002,34.169998,34.430000,31.333454,147700
2014-01-22,34.450001,34.750000,34.209999,34.619999,31.506359,202800
2014-01-23,34.419998,34.689999,34.029999,34.680000,31.560963,209900
2014-01-24,34.520000,34.549999,33.349998,33.630001,30.605410,208200
2014-01-27,33.590000,33.860001,33.139999,33.520000,30.505295,210500
2014-01-28,33.450001,33.599998,33.040001,33.410000,30.405188,178000
2014-01-29,33.119999,33.750000,32.990002,33.130001,30.150370,137800
2014-01-30,33.430000,33.910000,33.070000,33.450001,30.441586,152900
2014-01-31,32.810001,33.410000,32.599998,32.689999,29.749941,374600
2014-02-03,32.660000,32.869999,32.040001,32.380001,29.467825,315600
2014-02-04,32.189999,32.410000,31.420000,31.580000,28.739771,429500
2014-02-05,31.480000,31.480000,30.790001,31.360001,28.539562,274500
2014-02-06,31.270000,32.410000,31.270000,32.410000,29.495129,769300
2014-02-07,33.000000,34.930000,32.009998,33.990002,30.933035,499900
2014-02-10,33.200001,34.230000,33.200001,34.080002,31.014927,338900
2014-02-11,34.220001,34.939999,34.099998,34.349998,31.260633,320700
2014-02-12,34.330002,34.889999,34.090000,34.740002,31.615553,215000
2014-02-13,34.540001,35.290001,34.540001,35.180000,32.015995,387100
2014-02-14,35.200001,35.299999,34.919998,35.090000,31.934092,229200
2014-02-18,35.040001,35.299999,34.860001,35.029999,31.879486,221200
2014-02-19,34.840000,35.180000,34.290001,34.360001,31.269739,323900
2014-02-20,34.360001,35.070000,34.090000,34.959999,31.815790,153600
2014-02-21,35.189999,35.189999,34.450001,34.590000,31.479069,173400
2014-02-24,34.730000,35.970001,34.730000,35.750000,32.534733,504700
2014-02-25,35.860001,36.139999,35.490002,35.790001,32.571129,298700
2014-02-26,35.860001,36.889999,35.860001,36.410000,33.135365,376000
2014-02-27,36.150002,36.490002,36.029999,36.250000,32.989765,165200
2014-02-28,36.290001,36.720001,35.709999,35.840000,32.616646,268100
2014-03-03,35.529999,35.799999,34.980000,35.490002,32.298115,255400
2014-03-04,35.950001,37.410000,35.950001,37.080002,33.745125,462500
2014-03-05,37.090000,37.490002,36.709999,37.029999,33.699612,187100
2014-03-06,37.240002,37.270000,36.680000,36.980000,33.654114,326300
2014-03-07,37.209999,37.240002,36.590000,36.930000,33.608608,157500
2014-03-10,36.919998,37.169998,36.369999,36.799999,33.490299,215800
2014-03-11,37.040001,37.160000,36.369999,36.599998,33.308285,147900
2014-03-12,36.689999,37.279999,36.650002,37.000000,33.672325,250900
2014-03-13,37.250000,37.720001,36.680000,37.000000,33.672325,279100
2014-03-14,37.060001,38.380001,37.060001,37.830002,34.427654,426100
2014-03-17,37.959999,38.939999,37.959999,38.380001,34.928188,215100
2014-03-18,38.450001,38.930000,37.950001,38.860001,35.365025,355500
2014-03-19,38.919998,38.919998,38.070000,38.410000,34.955502,278000
2014-03-20,38.230000,39.160000,38.209999,38.570000,35.101105,302100
2014-03-21,38.740002,38.740002,37.759998,37.849998,34.445854,488700
2014-03-24,37.849998,38.110001,36.560001,37.189999,33.845226,481200
2014-03-25,37.500000,37.930000,37.049999,37.320000,33.963520,276800
2014-03-26,37.720001,37.849998,36.980000,37.259998,33.908924,355900
2014-03-27,37.389999,37.919998,37.049999,37.419998,34.054535,273000
2014-03-28,37.500000,38.090000,37.009998,37.119999,33.781509,196700
2014-03-31,37.400002,38.830002,37.299999,38.770000,35.283112,683800
2014-04-01,38.970001,39.799999,38.869999,39.779999,36.202286,333100
2014-04-02,39.779999,39.779999,38.639999,39.230000,35.701748,296000
2014-04-03,39.130001,39.689999,38.790001,39.250000,35.719955,250100
2014-04-04,39.610001,39.639999,36.450001,37.570000,34.191040,530900
2014-04-07,37.369999,37.939999,36.270000,36.709999,33.408375,376500
2014-04-08,36.619999,37.520000,36.369999,37.169998,33.827026,471500
2014-04-09,37.380001,37.709999,37.080002,37.520000,34.145550,174400
2014-04-10,37.549999,37.770000,36.279999,36.320000,33.053467,260400
2014-04-11,35.970001,36.630001,35.110001,35.139999,31.979599,408000
2014-04-14,35.580002,36.209999,35.180000,35.619999,32.416416,299300
2014-04-15,35.770000,36.220001,34.970001,35.709999,32.498329,245400
2014-04-16,35.980000,36.000000,35.070000,35.930000,32.698555,178200
2014-04-17,35.790001,36.610001,35.520000,36.330002,33.062572,274600
2014-04-21,36.250000,36.849998,35.990002,36.669998,33.371994,249900
2014-04-22,36.750000,37.340000,36.130001,37.090000,33.754215,375600
2014-04-23,37.130001,37.290001,36.709999,37.049999,33.717812,216200
2014-04-24,37.310001,38.189999,36.840000,38.090000,34.664276,663600
2014-04-25,38.500000,39.500000,36.970001,37.570000,34.191040,494800
2014-04-28,37.810001,38.500000,35.700001,37.009998,33.681404,716200
2014-04-29,37.099998,37.480000,36.439999,37.130001,33.790615,407300
2014-04-30,36.990002,37.400002,36.389999,37.099998,33.763329,532300
2014-05-01,36.980000,37.500000,36.169998,36.709999,33.408375,370900
2014-05-02,36.650002,37.259998,36.389999,36.709999,33.408375,375900
2014-05-05,36.250000,37.200001,36.090000,36.720001,33.417488,270200
2014-05-06,36.410000,37.130001,36.380001,36.470001,33.189983,358100
2014-05-07,36.619999,36.930000,35.820000,36.840000,33.526695,539200
2014-05-08,36.430000,37.720001,36.310001,36.520000,33.235485,313900
2014-05-09,36.320000,37.290001,36.090000,37.180000,33.836121,365300
2014-05-12,37.320000,39.160000,37.099998,38.849998,35.355930,380700
2014-05-13,38.759998,38.900002,37.919998,37.930000,34.518673,262900
2014-05-14,38.290001,38.419998,37.070000,37.360001,33.999928,338300
2014-05-15,37.290001,37.290001,36.259998,37.000000,33.672325,218600
2014-05-16,36.919998,37.570000,36.360001,37.560001,34.181950,353800
2014-05-19,37.459999,38.500000,37.459999,37.900002,34.491364,222800
2014-05-20,37.860001,38.270000,37.040001,37.660000,34.272953,422000
2014-05-21,38.060001,38.560001,37.560001,37.939999,34.527763,282200
2014-05-22,37.950001,38.700001,37.700001,38.369999,34.919090,174700
2014-05-23,38.389999,39.009998,38.270000,38.990002,35.483337,242900
2014-05-27,39.480000,39.930000,39.099998,39.759998,36.184082,331300
2014-05-28,39.770000,40.000000,39.200001,39.470001,35.920170,263500
2014-05-29,39.689999,40.000000,39.250000,39.480000,35.929272,211500
2014-05-30,39.580002,39.740002,39.070000,39.290001,35.756363,184500
2014-06-02,39.540001,39.580002,38.770000,39.049999,35.537952,229000
2014-06-03,38.889999,39.209999,38.599998,38.880001,35.383232,285800
2014-06-04,38.560001,39.369999,38.509998,39.180000,35.656246,230000
2014-06-05,39.369999,40.119999,38.880001,39.689999,36.120377,297000
2014-06-06,39.990002,40.869999,39.720001,40.189999,36.575413,232800
2014-06-09,40.570000,41.680000,40.250000,41.529999,37.794895,551900
2014-06-10,41.439999,41.860001,41.130001,41.759998,38.004211,397500
2014-06-11,41.680000,42.090000,41.330002,41.410000,37.685673,238000
2014-06-12,41.240002,42.090000,40.599998,41.360001,37.640186,559500
2014-06-13,41.639999,41.959999,41.090000,41.730000,37.976906,339100
2014-06-16,41.779999,42.000000,41.439999,41.919998,38.149815,306600
2014-06-17,41.709999,42.730000,41.709999,42.360001,38.550243,283000
2014-06-18,42.270000,42.369999,41.810001,42.340000,38.532036,136500
2014-06-19,42.410000,42.619999,41.700001,42.070000,38.286324,208300
2014-06-20,42.020000,42.430000,41.840000,42.209999,38.413742,444500
2014-06-23,42.080002,42.650002,42.080002,42.480000,38.659451,184000
2014-06-24,42.290001,42.860001,41.520000,41.549999,37.813095,270600
2014-06-25,41.349998,42.000000,41.139999,41.900002,38.131615,220000
2014-06-26,41.810001,41.849998,41.119999,41.619999,38.012878,115700
2014-06-27,41.259998,42.299999,41.130001,42.130001,38.478680,370900
2014-06-30,41.900002,42.799999,41.900002,42.349998,38.679604,405800
2014-07-01,42.500000,43.490002,42.500000,42.630001,38.935352,273200
2014-07-02,42.549999,43.020000,42.220001,42.480000,38.798351,179600
2014-07-03,42.669998,43.419998,42.520000,43.099998,39.364613,134200
2014-07-07,43.130001,43.130001,42.150002,42.180000,38.524353,149600
2014-07-08,42.000000,42.290001,41.360001,41.700001,38.085953,194600
2014-07-09,41.619999,42.400002,41.500000,42.099998,38.451286,223900
2014-07-10,41.110001,41.959999,40.779999,41.549999,37.948944,171000
2014-07-11,41.380001,41.900002,41.250000,41.500000,37.903278,97200
2014-07-14,42.000000,42.150002,41.480000,41.759998,38.140755,159000
2014-07-15,41.860001,42.070000,40.810001,41.360001,37.775421,234100
2014-07-16,41.740002,41.799999,41.130001,41.470001,37.875881,209100
2014-07-17,41.090000,41.639999,40.730000,40.880001,37.337009,145300
2014-07-18,40.730000,42.320000,40.730000,42.139999,38.487816,239400
2014-07-21,42.020000,42.470001,41.770000,42.250000,38.588280,189400
2014-07-22,42.360001,42.840000,42.139999,42.720001,39.017555,202400
2014-07-23,43.070000,43.070000,40.689999,40.770000,37.236549,368600
2014-07-24,40.740002,43.000000,40.459999,41.099998,37.537949,514100
2014-07-25,44.330002,44.770000,41.580002,41.709999,38.095081,1086000
2014-07-28,41.599998,42.470001,40.500000,41.919998,38.286884,379500
2014-07-29,41.830002,43.070000,41.540001,42.310001,38.643085,438900
2014-07-30,42.509998,42.950001,42.369999,42.910000,39.191082,287300
2014-07-31,42.340000,42.509998,41.090000,41.240002,37.665829,453300
2014-08-01,41.330002,41.810001,40.880001,41.500000,37.903278,165000
2014-08-04,41.410000,41.720001,40.709999,41.540001,37.939827,413400
2014-08-05,41.119999,42.490002,41.119999,42.400002,38.725292,380400
2014-08-06,41.849998,42.790001,41.849998,42.360001,38.688744,300500
2014-08-07,42.400002,42.700001,41.820000,42.189999,38.533482,411800
2014-08-08,42.040001,42.799999,41.869999,42.389999,38.716156,243600
2014-08-11,42.509998,42.790001,42.250000,42.470001,38.789207,235200
2014-08-12,42.410000,43.310001,42.139999,43.279999,39.529015,319100
2014-08-13,43.660000,44.340000,43.500000,44.099998,40.277958,240400
2014-08-14,44.299999,44.299999,43.580002,43.700001,39.912617,140000
2014-08-15,44.220001,44.639999,43.520000,44.060001,40.241409,231000
2014-08-18,44.470001,44.580002,43.950001,44.490002,40.634144,221300
2014-08-19,44.630001,45.500000,44.410000,45.410000,41.474407,295000
2014-08-20,45.330002,46.610001,45.070000,46.020000,42.031559,492100
2014-08-21,46.020000,46.090000,44.880001,45.700001,41.739285,355400
2014-08-22,45.500000,46.549999,45.139999,46.299999,42.287289,281100
2014-08-25,46.580002,46.610001,45.630001,45.759998,41.794079,271800
2014-08-26,46.000000,47.750000,46.000000,46.939999,42.871819,609200
2014-08-27,46.849998,47.049999,46.290001,46.810001,42.753075,227500
2014-08-28,46.540001,46.980000,46.299999,46.759998,42.707401,162000
2014-08-29,46.779999,47.849998,46.779999,47.779999,43.639008,254700
2014-09-02,47.799999,48.240002,47.340000,47.680000,43.547684,483900
2014-09-03,47.840000,48.000000,46.790001,46.919998,42.853531,300000
2014-09-04,47.130001,47.630001,46.730000,46.910000,42.844410,225700
2014-09-05,46.720001,47.570000,46.669998,47.240002,43.145809,246000
2014-09-08,46.990002,47.740002,46.810001,47.009998,42.935745,157300
2014-09-09,46.840000,47.340000,45.860001,45.880001,41.903679,300100
2014-09-10,45.959999,46.209999,45.160000,45.720001,41.757534,341100
2014-09-11,45.349998,46.240002,45.349998,46.119999,42.122868,150400
2014-09-12,46.259998,46.259998,45.480000,46.080002,42.086349,267000
2014-09-15,45.990002,45.990002,45.139999,45.349998,41.419605,162000
2014-09-16,45.169998,46.070000,45.000000,45.810001,41.839756,360200
2014-09-17,45.779999,46.709999,45.779999,46.220001,42.214211,246500
2014-09-18,46.259998,47.650002,46.259998,47.259998,43.164070,246000
2014-09-19,47.000000,47.000000,45.099998,45.450001,41.510937,689600
2014-09-22,45.259998,45.520000,44.520000,44.560001,40.698086,261000
2014-09-23,44.509998,45.200001,44.080002,44.430000,40.579346,295900
2014-09-24,44.419998,45.279999,44.410000,44.869999,40.981209,181000
2014-09-25,44.849998,44.849998,44.080002,44.299999,40.460606,296700
2014-09-26,44.320000,44.770000,44.320000,44.650002,40.918823,188700
2014-09-29,44.020000,44.619999,44.020000,44.610001,40.882175,218800
2014-09-30,44.540001,44.759998,44.049999,44.049999,40.368969,389000
2014-10-01,44.150002,44.270000,43.299999,43.480000,39.846600,390900
2014-10-02,43.360001,44.200001,43.230000,44.099998,40.414803,248800
2014-10-03,44.169998,44.560001,43.810001,43.889999,40.222332,257700
2014-10-06,44.110001,44.270000,43.650002,44.060001,40.378128,258900
2014-10-07,43.669998,44.189999,42.560001,42.700001,39.131783,530600
2014-10-08,42.509998,43.639999,41.689999,43.590000,39.947414,464800
2014-10-09,43.450001,43.669998,41.509998,41.980000,38.471943,318800
2014-10-10,40.000000,40.000000,35.619999,35.619999,32.643417,1269200
2014-10-13,35.660000,36.220001,34.250000,34.689999,31.791147,953800
2014-10-14,34.919998,36.150002,34.389999,34.470001,31.589514,611000
2014-10-15,34.500000,36.500000,33.990002,36.169998,33.147453,668000
2014-10-16,35.580002,38.330002,35.290001,38.020000,34.842876,862700
2014-10-17,38.590000,39.450001,37.490002,38.029999,34.852020,551300
2014-10-20,37.889999,38.910000,37.759998,38.299999,35.099464,485200
2014-10-21,38.570000,39.610001,38.450001,39.389999,36.098389,732700
2014-10-22,39.630001,39.900002,39.130001,39.209999,35.933422,445800
2014-10-23,39.650002,39.959999,39.369999,39.590000,36.281677,415400
2014-10-24,39.700001,40.630001,39.230000,40.470001,37.088131,418900
2014-10-27,40.470001,40.939999,39.889999,40.000000,36.657413,569400
2014-10-28,45.549999,46.000000,41.369999,42.509998,38.957661,954600
2014-10-29,42.320000,42.599998,41.369999,41.980000,38.471943,555300
2014-10-30,41.730000,42.220001,40.810001,42.169998,38.646072,461600
2014-10-31,43.369999,44.529999,43.369999,44.189999,40.497269,550100
2014-11-03,44.480000,45.369999,43.799999,44.099998,40.414803,271000
2014-11-04,43.700001,44.709999,43.619999,43.740002,40.084873,321700
2014-11-05,43.810001,44.480000,43.580002,44.410000,40.698887,236600
2014-11-06,44.259998,45.090000,44.200001,44.820000,41.074627,477300
2014-11-07,44.669998,44.880001,43.860001,44.689999,40.955498,320700
2014-11-10,44.459999,44.990002,44.410000,44.860001,41.111290,193400
2014-11-11,44.779999,45.000000,44.369999,44.889999,41.138775,164600
2014-11-12,44.930000,45.660000,44.919998,45.380001,41.587837,283400
2014-11-13,45.310001,45.650002,44.599998,44.869999,41.120445,188800
2014-11-14,44.959999,45.700001,44.259998,45.459999,41.661140,263200
2014-11-17,45.240002,45.720001,44.680000,44.980000,41.221252,302500
2014-11-18,44.099998,46.759998,44.099998,46.410000,42.531757,425900
2014-11-19,46.410000,46.410000,45.509998,45.860001,42.027714,263300
2014-11-20,45.490002,46.230000,45.119999,46.189999,42.330143,250300
2014-11-21,46.919998,47.000000,46.189999,46.630001,42.733391,268300
2014-11-24,46.639999,47.480000,46.599998,47.189999,43.246571,218200
2014-11-25,47.200001,47.549999,46.680000,47.110001,43.173271,211700
2014-11-26,46.990002,48.500000,46.730000,48.209999,44.181339,183600
2014-11-28,48.310001,48.490002,47.730000,48.130001,44.108028,157600
2014-12-01,47.820000,48.259998,46.630001,47.119999,43.182419,254800
2014-12-02,47.220001,48.169998,46.750000,48.110001,44.089699,199800
2014-12-03,48.000000,49.470001,48.000000,49.150002,45.042801,213400
2014-12-04,49.540001,49.650002,48.520000,49.160000,45.051945,283100
2014-12-05,49.180000,49.799999,48.869999,49.669998,45.519333,176300
2014-12-08,49.410000,50.000000,47.980000,48.500000,44.447109,212100
2014-12-09,47.759998,49.810001,47.290001,49.709999,45.555992,224300
2014-12-10,49.470001,49.900002,48.750000,49.000000,44.905334,246900
2014-12-11,49.169998,49.740002,48.939999,49.139999,45.033627,274200
2014-12-12,48.490002,49.200001,48.040001,48.560001,44.502087,139500
2014-12-15,48.709999,49.770000,47.669998,48.029999,44.016376,217900
2014-12-16,48.000000,48.340000,46.950001,47.459999,43.494026,250900
2014-12-17,47.450001,48.029999,46.459999,47.770000,43.778114,448600
2014-12-18,48.759998,49.369999,48.220001,48.810001,44.731213,166700
2014-12-19,48.709999,48.849998,47.939999,48.730000,44.657879,588400
2014-12-22,48.669998,49.689999,48.389999,49.500000,45.363541,218500
2014-12-23,49.680000,50.630001,48.639999,49.130001,45.024467,189800
2014-12-24,50.070000,50.430000,48.840000,50.000000,45.821762,119100
2014-12-26,50.009998,50.660000,49.830002,50.439999,46.224998,98500
2014-12-29,50.259998,50.619999,49.799999,50.060001,46.013592,163400
2014-12-30,49.720001,50.290001,49.549999,49.810001,45.783802,121300
2014-12-31,49.869999,50.360001,49.400002,49.740002,45.719456,234200
2015-01-02,49.900002,50.200001,47.930000,48.619999,44.689976,203200
2015-01-05,48.180000,48.820000,47.470001,47.669998,43.816769,204000
2015-01-06,47.689999,47.980000,45.639999,46.090000,42.364487,321300
2015-01-07,46.480000,47.439999,46.180000,46.759998,42.980316,209200
2015-01-08,47.299999,48.700001,46.959999,48.380001,44.469395,184400
2015-01-09,48.509998,48.720001,47.480000,48.090000,44.202827,172600
2015-01-12,48.020000,48.270000,46.740002,47.130001,43.320419,169400
2015-01-13,47.599998,48.430000,46.310001,46.939999,43.145779,211400
2015-01-14,46.430000,47.299999,46.349998,46.790001,43.007904,171400
2015-01-15,46.849998,47.310001,45.450001,45.799999,42.097916,235900
2015-01-16,45.630001,46.980000,45.020000,46.810001,43.026291,268000
2015-01-20,46.889999,47.500000,46.029999,46.650002,42.879211,259400
2015-01-21,46.389999,47.060001,45.919998,46.459999,42.704586,242100
2015-01-22,46.650002,47.139999,45.480000,47.009998,43.210129,279100
2015-01-23,47.029999,48.450001,46.900002,48.000000,44.120090,226300
2015-01-26,47.820000,48.480000,47.529999,47.840000,43.973034,215200
2015-01-27,47.299999,48.320000,46.689999,47.730000,43.871910,170000
2015-01-28,48.180000,49.119999,47.770000,47.840000,43.973034,299300
2015-01-29,47.930000,48.939999,47.340000,48.880001,44.928963,224700
2015-01-30,48.570000,49.439999,47.470001,47.490002,43.651325,234800
2015-02-02,47.799999,48.060001,46.639999,47.430000,43.596161,314800
2015-02-03,47.209999,48.830002,47.209999,48.529999,44.607250,312500
2015-02-04,48.070000,48.480000,47.250000,47.799999,43.936256,535700
2015-02-05,49.709999,50.299999,45.759998,47.529999,43.688084,658000
2015-02-06,47.389999,48.490002,47.090000,48.209999,44.313110,442200
2015-02-09,47.560001,47.950001,46.919998,47.369999,43.541016,286400
2015-02-10,47.869999,49.160000,47.619999,49.099998,45.131180,468500
2015-02-11,49.099998,50.080002,49.099998,49.509998,45.508041,709500
2015-02-12,49.750000,50.299999,49.169998,50.160000,46.105499,281700
2015-02-13,50.410000,50.820000,49.790001,50.320000,46.252560,243700
2015-02-17,50.049999,50.750000,50.020000,50.610001,46.519127,241300
2015-02-18,50.209999,50.520000,49.840000,50.450001,46.372063,152000
2015-02-19,50.310001,51.220001,50.200001,51.040001,46.914371,390900
2015-02-20,50.930000,52.290001,50.610001,51.990002,47.787586,463800
2015-02-23,52.369999,52.669998,51.720001,52.220001,47.998989,586200
2015-02-24,52.279999,52.770000,51.840000,52.720001,48.458569,406400
2015-02-25,52.880001,52.900002,52.340000,52.750000,48.486145,212900
2015-02-26,52.750000,53.389999,52.470001,53.080002,48.789474,265400
2015-02-27,52.919998,53.259998,52.459999,52.730000,48.467758,195600
2015-03-02,52.310001,54.369999,52.310001,54.160000,49.782177,405700
2015-03-03,53.939999,54.340000,53.169998,53.560001,49.230671,334400
2015-03-04,53.250000,53.590000,52.770000,53.150002,48.853813,184400
2015-03-05,53.200001,53.470001,52.310001,52.689999,48.430988,188800
2015-03-06,52.220001,52.480000,51.520000,51.720001,47.539410,337200
2015-03-09,51.709999,52.459999,51.459999,52.299999,48.072517,256600
2015-03-10,51.689999,52.700001,51.509998,52.279999,48.054131,360700
2015-03-11,52.529999,53.389999,52.220001,53.189999,48.890579,368400
2015-03-12,53.139999,53.570000,52.610001,53.029999,48.743507,387900
2015-03-13,53.119999,53.389999,52.320000,52.619999,48.366650,285100
2015-03-16,53.160000,54.099998,52.750000,53.730000,49.386932,287700
2015-03-17,53.369999,54.049999,53.299999,54.040001,49.671871,386100
2015-03-18,53.900002,54.970001,52.790001,54.169998,49.791382,246600
2015-03-19,54.290001,55.220001,54.029999,54.709999,50.287716,357900
2015-03-20,55.000000,56.189999,54.689999,56.119999,51.583740,673300
2015-03-23,55.880001,56.070000,55.480000,55.490002,51.004684,374600
2015-03-24,55.540001,55.610001,54.430000,54.500000,50.094700,297900
2015-03-25,54.900002,54.900002,51.730000,52.040001,47.833546,532500
2015-03-26,51.320000,51.840000,50.349998,51.369999,47.217697,665700
2015-03-27,51.209999,53.049999,50.959999,52.799999,48.721790,281000
2015-03-30,52.919998,53.540001,52.360001,53.340000,49.220078,309800
2015-03-31,53.119999,53.240002,52.520000,52.650002,48.583382,327300
2015-04-01,52.590000,52.639999,50.930000,51.990002,47.974365,335900
2015-04-02,52.000000,52.049999,51.500000,51.700001,47.706760,301800
2015-04-06,51.279999,52.009998,50.950001,51.900002,47.891319,240200
2015-04-07,51.869999,52.259998,51.419998,51.509998,47.531437,344700
2015-04-08,51.599998,52.099998,51.310001,51.750000,47.752907,253200
2015-04-09,51.480000,52.099998,51.320000,51.810001,47.808266,184000
2015-04-10,52.139999,52.380001,51.910000,52.209999,48.177368,131100
2015-04-13,52.290001,52.820000,51.660000,51.740002,47.743664,161500
2015-04-14,51.779999,52.110001,51.220001,51.639999,47.651402,232700
2015-04-15,51.970001,53.369999,51.880001,52.959999,48.869434,238000
2015-04-16,52.580002,53.840000,52.209999,53.470001,49.340042,285900
2015-04-17,53.000000,53.049999,51.950001,52.790001,48.712570,306600
2015-04-20,52.950001,53.939999,52.950001,53.400002,49.275455,298400
2015-04-21,53.900002,54.150002,53.400002,53.959999,49.792198,283600
2015-04-22,54.470001,54.590000,53.020000,53.919998,49.755287,236800
2015-04-23,54.430000,55.560001,50.549999,53.509998,49.376949,683900
2015-04-24,53.500000,54.180000,49.250000,49.959999,46.101162,1124700
2015-04-27,49.700001,51.090000,49.389999,50.419998,46.525631,616400
2015-04-28,50.400002,51.139999,49.799999,50.980000,47.042385,540700
2015-04-29,50.689999,52.220001,50.680000,52.009998,47.992809,820800
2015-04-30,51.610001,52.279999,51.320000,51.830002,47.826725,827500
2015-05-01,52.000000,53.060001,51.869999,52.919998,48.832520,475300
2015-05-04,52.700001,53.060001,52.529999,52.790001,48.712570,498800
2015-05-05,52.540001,52.619999,51.639999,51.700001,47.706760,448300
2015-05-06,51.619999,52.330002,50.970001,51.560001,47.577579,311800
2015-05-07,51.560001,52.599998,51.560001,51.910000,47.900536,234700
2015-05-08,51.790001,53.330002,51.709999,52.549999,48.491093,228700
2015-05-11,52.369999,52.830002,52.169998,52.209999,48.177368,151400
2015-05-12,52.060001,52.380001,51.240002,52.160000,48.131237,220500
2015-05-13,52.410000,53.000000,51.919998,52.330002,48.288097,140900
2015-05-14,52.770000,53.200001,52.020000,53.169998,49.063206,218900
2015-05-15,53.029999,53.029999,52.520000,52.900002,48.814083,220900
2015-05-18,52.869999,54.459999,52.750000,54.299999,50.105930,284100
2015-05-19,54.250000,54.860001,53.570000,53.860001,49.699924,207400
2015-05-20,54.000000,54.400002,53.490002,53.619999,49.478455,161700
2015-05-21,53.759998,54.169998,53.400002,54.099998,49.921379,183200
2015-05-22,54.040001,54.340000,53.770000,54.130001,49.949070,238700
2015-05-26,53.849998,53.889999,52.759998,53.340000,49.220078,239700
2015-05-27,53.560001,55.040001,53.220001,54.730000,50.502724,357600
2015-05-28,54.759998,55.119999,54.400002,54.950001,50.705730,163800
2015-05-29,54.779999,55.060001,54.360001,54.599998,50.382771,200800
2015-06-01,54.810001,55.110001,53.910000,54.529999,50.318172,232500
2015-06-02,54.330002,54.740002,53.639999,54.380001,50.179756,287600
2015-06-03,54.610001,54.709999,53.880001,54.590000,50.373531,234300
2015-06-04,54.279999,54.720001,53.759998,54.099998,49.921379,262800
2015-06-05,54.000000,54.360001,53.360001,53.639999,49.496925,258800
2015-06-08,53.389999,53.980000,52.419998,52.459999,48.408062,260500
2015-06-09,52.209999,52.430000,51.720001,52.189999,48.158913,293100
2015-06-10,52.490002,53.459999,52.490002,53.259998,49.146271,190300
2015-06-11,53.180000,53.340000,52.790001,53.029999,48.934025,125600
2015-06-12,52.709999,53.410000,52.630001,53.119999,49.017078,125600
2015-06-15,52.689999,53.580002,52.169998,53.340000,49.220078,131800
2015-06-16,53.259998,53.730000,52.830002,53.619999,49.478455,182600
2015-06-17,53.869999,54.099998,53.549999,53.619999,49.478455,111500
2015-06-18,53.740002,54.380001,52.689999,54.119999,49.939842,279100
2015-06-19,54.400002,54.599998,53.919998,54.270000,50.078251,320800
2015-06-22,54.680000,54.869999,53.900002,54.689999,50.465813,223500
2015-06-23,54.950001,55.000000,54.070000,54.349998,50.152084,141200
2015-06-24,54.430000,54.509998,53.910000,53.950001,49.782974,162500
2015-06-25,54.220001,54.459999,52.320000,53.810001,49.653782,139700
2015-06-26,53.549999,53.709999,52.180000,52.480000,48.607174,292100
2015-06-29,52.029999,52.490002,50.709999,50.799999,47.051147,199200
2015-06-30,51.209999,51.439999,50.650002,50.709999,46.967793,309400
2015-07-01,51.240002,51.590000,50.320000,50.930000,47.171547,195700
2015-07-02,50.900002,51.599998,50.720001,51.580002,47.773579,209800
2015-07-06,51.009998,51.520000,50.389999,50.959999,47.199333,273300
2015-07-07,50.880001,50.880001,49.049999,50.599998,46.865906,314200
2015-07-08,49.970001,51.310001,47.410000,49.230000,45.597015,448100
2015-07-09,49.860001,50.009998,47.599998,47.730000,44.207699,360800
2015-07-10,48.240002,48.919998,48.040001,48.660000,45.069077,497700
2015-07-13,48.830002,49.169998,48.369999,48.889999,45.282108,197600
2015-07-14,49.029999,49.570000,48.669998,49.509998,45.856350,163900
2015-07-15,49.599998,49.950001,49.220001,49.709999,46.041592,238900
2015-07-16,50.160000,50.189999,49.130001,49.209999,45.578491,458700
2015-07-17,49.279999,49.369999,48.799999,48.959999,45.346943,251300
2015-07-20,49.320000,49.320000,48.720001,49.060001,45.439552,188400
2015-07-21,48.939999,49.330002,48.540001,48.790001,45.189487,211100
2015-07-22,48.090000,48.110001,46.950001,47.330002,43.837234,449400
2015-07-23,47.509998,49.740002,47.509998,49.209999,45.578491,548800
2015-07-24,49.250000,49.840000,48.080002,48.330002,44.763428,256800
2015-07-27,47.610001,48.610001,47.410000,47.770000,44.244755,327900
2015-07-28,48.570000,50.990002,46.779999,49.779999,46.106419,1196500
2015-07-29,49.750000,50.000000,48.779999,49.779999,46.106419,349500
2015-07-30,49.560001,51.180000,49.560001,51.070000,47.301235,456800
2015-07-31,51.360001,51.790001,50.939999,51.709999,47.893997,389900
2015-08-03,51.500000,51.849998,50.910000,51.139999,47.366070,343400
2015-08-04,50.959999,51.209999,50.150002,50.509998,46.782547,229100
2015-08-05,50.380001,51.720001,50.250000,51.259998,47.477203,162900
2015-08-06,51.340000,51.340000,49.799999,50.910000,47.153049,243400
2015-08-07,50.549999,51.369999,50.279999,51.330002,47.542034,185900
2015-08-10,51.299999,52.720001,51.299999,52.119999,48.273739,234200
2015-08-11,51.900002,51.939999,50.570000,50.830002,47.078938,179100
2015-08-12,50.099998,51.240002,49.540001,51.180000,47.403107,272000
2015-08-13,51.130001,51.380001,50.470001,50.720001,46.977051,234000
2015-08-14,50.560001,50.930000,49.919998,50.889999,47.134518,156800
2015-08-17,50.580002,51.419998,50.299999,51.419998,47.625397,152600
2015-08-18,51.279999,51.279999,49.520000,50.070000,46.375023,292400
2015-08-19,49.880001,50.150002,49.040001,49.480000,45.828568,214700
2015-08-20,48.970001,49.130001,47.560001,47.599998,44.087299,298300
2015-08-21,46.639999,48.119999,45.009998,46.919998,43.457485,396100
2015-08-24,44.279999,48.090000,40.750000,45.500000,42.142281,503000
2015-08-25,47.070000,47.070000,45.209999,45.279999,41.938511,231000
2015-08-26,46.349998,47.250000,45.419998,47.169998,43.689018,201400
2015-08-27,47.750000,48.500000,46.970001,48.330002,44.763428,325600
2015-08-28,48.009998,48.619999,47.880001,48.439999,44.865299,168700
2015-08-31,47.959999,48.590000,47.669998,48.090000,44.541145,193300
2015-09-01,46.950001,48.080002,46.560001,46.720001,43.272247,316500
2015-09-02,47.430000,47.939999,46.900002,47.939999,44.402206,226000
2015-09-03,48.119999,50.930000,47.830002,48.520000,44.939411,262500
2015-09-04,47.810001,48.529999,47.810001,48.220001,44.661545,157400
2015-09-08,49.419998,50.430000,48.740002,50.180000,46.476898,222400
2015-09-09,50.520000,51.250000,49.590000,49.660000,45.995270,204300
2015-09-10,49.840000,50.480000,49.090000,49.689999,46.023067,162400
2015-09-11,49.810001,51.139999,49.400002,50.619999,46.884434,304100
2015-09-14,51.189999,51.450001,50.090000,50.570000,46.838127,532000
2015-09-15,50.580002,51.299999,50.419998,51.130001,47.356796,236700
2015-09-16,51.439999,51.480000,50.730000,51.029999,47.264183,235300
2015-09-17,50.869999,51.750000,50.799999,51.160000,47.384586,239700
2015-09-18,50.299999,50.900002,50.150002,50.439999,46.717716,443700
2015-09-21,50.930000,51.509998,50.279999,50.320000,46.606567,171600
2015-09-22,49.980000,49.980000,49.000000,49.240002,45.606293,247700
2015-09-23,49.590000,50.049999,49.160000,49.240002,45.606293,179100
2015-09-24,48.770000,49.480000,47.939999,49.369999,45.726681,262800
2015-09-25,49.889999,50.799999,49.430000,50.500000,46.773300,360300
2015-09-28,50.070000,50.189999,49.189999,49.189999,45.741123,197300
2015-09-29,49.240002,49.709999,48.740002,49.540001,46.066586,344300
2015-09-30,50.180000,51.279999,50.160000,51.200001,47.610195,315000
2015-10-01,51.090000,51.160000,49.270000,50.419998,46.884880,312000
2015-10-02,49.919998,51.570000,49.439999,51.529999,47.917053,224900
2015-10-05,52.000000,53.680000,49.259998,53.240002,49.507160,423600
2015-10-06,56.599998,56.599998,53.070000,54.180000,50.381248,514100
2015-10-07,54.580002,55.480000,54.459999,55.000000,51.143757,554600
2015-10-08,54.860001,55.439999,54.200001,55.299999,51.422726,409900
2015-10-09,55.400002,55.580002,54.900002,54.990002,51.134460,159100
2015-10-12,55.130001,55.500000,54.599998,55.189999,51.320435,101300
2015-10-13,54.849998,55.490002,54.470001,54.470001,50.650925,196400
2015-10-14,54.540001,57.180000,54.540001,56.279999,52.334007,590500
2015-10-15,56.500000,57.590000,56.139999,57.169998,53.161610,417400
2015-10-16,57.200001,57.669998,56.400002,56.950001,52.957035,436500
2015-10-19,56.910000,57.820000,56.740002,57.439999,53.412685,377300
2015-10-20,57.340000,57.799999,56.759998,57.090000,53.087215,372400
2015-10-21,57.480000,57.759998,55.770000,55.849998,51.934158,335900
2015-10-22,56.509998,58.150002,56.090000,57.750000,53.700943,290200
2015-10-23,58.200001,59.240002,57.130001,58.740002,54.621536,338600
2015-10-26,58.000000,58.740002,57.459999,57.759998,53.710243,389900
2015-10-27,62.230000,62.590000,59.250000,61.660000,57.336800,865300
2015-10-28,62.000000,63.020000,61.450001,62.980000,58.564251,356300
2015-10-29,62.169998,62.889999,61.360001,61.730000,57.401897,277800
2015-10-30,61.860001,62.689999,60.020000,62.419998,58.043499,271800
2015-11-02,62.349998,63.380001,62.349998,62.799999,58.396866,461400
2015-11-03,62.490002,63.169998,62.459999,62.779999,58.378273,189300
2015-11-04,62.700001,63.040001,62.180000,62.900002,58.489861,354400
2015-11-05,62.689999,63.500000,62.599998,63.119999,58.694427,194300
2015-11-06,62.740002,64.489998,62.459999,64.419998,59.903278,260800
2015-11-09,63.900002,64.120003,63.209999,64.000000,59.512733,260800
2015-11-10,63.580002,63.860001,62.730000,63.610001,59.150082,160500
2015-11-11,63.810001,64.860001,63.689999,63.820000,59.345348,263900
2015-11-12,63.400002,63.990002,62.910000,63.340000,58.899006,264900
2015-11-13,63.060001,63.570000,62.320000,62.560001,58.173698,194100
2015-11-16,62.549999,63.540001,60.730000,63.520000,59.066383,201600
2015-11-17,62.549999,64.750000,62.549999,64.419998,59.903278,188900
2015-11-18,64.550003,66.430000,64.120003,66.400002,61.744461,347400
2015-11-19,66.230003,66.709999,65.680000,65.870003,61.251625,220500
2015-11-20,66.190002,67.080002,65.790001,66.620003,61.949036,299200
2015-11-23,66.360001,66.989998,66.059998,66.199997,61.558479,170600
2015-11-24,65.750000,67.449997,65.750000,67.339996,62.618553,276200
2015-11-25,67.370003,68.169998,67.139999,67.870003,63.111404,148100
2015-11-27,67.870003,68.330002,67.510002,67.820000,63.064903,74500
2015-11-30,68.250000,69.110001,67.879997,68.330002,63.539127,257200
2015-12-01,68.480003,69.169998,67.870003,68.879997,64.050568,305700
2015-12-02,68.919998,69.250000,67.089996,67.290001,62.572067,319900
2015-12-03,67.510002,68.160004,66.339996,66.559998,61.893238,247200
2015-12-04,66.540001,67.529999,66.320000,67.169998,62.460487,362500
2015-12-07,67.150002,67.260002,66.449997,66.680000,62.004833,220900
2015-12-08,66.019997,66.610001,65.519997,66.220001,61.577087,144800
2015-12-09,66.120003,66.120003,64.440002,64.550003,60.024174,276400
2015-12-10,64.500000,64.739998,63.830002,64.510002,59.986977,248400
2015-12-11,63.619999,64.370003,63.080002,63.380001,58.936203,201000
2015-12-14,63.299999,65.459999,62.529999,62.900002,58.489861,232900
2015-12-15,63.349998,64.330002,62.049999,64.059998,59.568523,222300
2015-12-16,64.260002,64.680000,63.049999,63.779999,59.308159,168700
2015-12-17,64.120003,64.760002,63.209999,63.220001,58.787418,141200
2015-12-18,62.830002,63.880001,62.110001,63.150002,58.722332,491100
2015-12-21,63.459999,64.419998,63.400002,64.389999,59.875385,115000
2015-12-22,64.519997,64.629997,63.220001,64.529999,60.005566,124800
2015-12-23,64.800003,64.809998,63.970001,64.449997,59.931179,118500
2015-12-24,64.449997,65.059998,64.139999,64.570000,60.042770,61100
2015-12-28,64.330002,64.629997,63.369999,64.269997,59.763798,94300
2015-12-29,64.550003,65.449997,64.120003,65.129997,60.752567,160300
2015-12-30,65.129997,65.440002,64.720001,64.779999,60.426083,174700
2015-12-31,64.540001,64.870003,63.540001,63.709999,59.427994,269600
2016-01-04,62.450001,62.580002,60.590000,60.970001,56.872158,351600
2016-01-05,60.930000,61.540001,59.369999,59.900002,55.874077,362100
2016-01-06,59.000000,59.599998,58.540001,58.910000,54.950626,282200
2016-01-07,57.970001,59.209999,56.900002,57.209999,53.364876,380700
2016-01-08,57.360001,58.820000,57.200001,57.349998,53.495472,416100
2016-01-11,57.570000,58.930000,56.930000,58.430000,54.502876,204600
2016-01-12,59.139999,59.349998,58.040001,59.090000,55.118511,264700
2016-01-13,59.169998,59.680000,57.779999,58.189999,54.278999,251200
2016-01-14,58.610001,60.070000,58.150002,59.810001,55.790127,318500
2016-01-15,57.849998,58.380001,56.330002,57.419998,53.560753,394900
2016-01-19,57.970001,58.680000,56.240002,57.299999,53.448814,351900
2016-01-20,56.610001,59.029999,55.810001,58.240002,54.325649,394100
2016-01-21,58.650002,60.660000,57.020000,60.040001,56.004665,455900
2016-01-22,61.040001,61.950001,60.520000,61.590000,57.450497,325500
2016-01-25,61.070000,62.459999,61.049999,61.360001,57.235950,400200
2016-01-26,61.610001,61.950001,61.000000,61.320000,57.198631,257900
2016-01-27,60.910000,61.189999,59.500000,59.660000,55.650211,170800
2016-01-28,60.439999,60.680000,60.049999,60.380001,56.321819,184100
2016-01-29,60.900002,62.700001,60.730000,62.570000,58.364624,418100
2016-02-01,62.470001,62.820000,60.320000,62.299999,58.112770,231500
2016-02-02,61.480000,61.939999,58.139999,58.980000,55.015903,427600
2016-02-03,59.480000,59.750000,57.540001,58.259998,54.344292,384600
2016-02-04,58.000000,58.509998,57.119999,58.259998,54.344292,838900
2016-02-05,61.200001,62.490002,59.160000,60.009998,55.976681,858800
2016-02-08,58.990002,60.689999,55.419998,56.360001,52.572002,1035100
2016-02-09,55.910000,57.200001,55.209999,56.209999,52.432076,415900
2016-02-10,56.369999,58.209999,56.200001,56.500000,52.702591,415300
2016-02-11,55.450001,56.770000,55.209999,56.259998,52.478729,182400
2016-02-12,56.759998,57.259998,55.340000,56.759998,52.945114,171800
2016-02-16,57.730000,58.500000,56.880001,58.090000,54.185726,199600
2016-02-17,58.360001,59.230000,57.680000,58.830002,54.875992,197300
2016-02-18,59.000000,59.500000,57.939999,58.119999,54.213703,222600
2016-02-19,58.209999,58.820000,57.119999,58.389999,54.465561,255700
2016-02-22,58.910000,59.500000,58.419998,58.770000,54.820030,245700
2016-02-23,58.599998,59.790001,57.799999,58.220001,54.306992,209500
2016-02-24,57.470001,57.630001,55.689999,57.290001,53.439503,365200
2016-02-25,57.500000,57.950001,55.049999,57.849998,53.961845,326300
2016-02-26,58.150002,58.759998,58.150002,58.740002,54.792034,227800
2016-02-29,58.389999,59.490002,58.389999,59.060001,55.090538,328800
2016-03-01,58.599998,60.299999,58.290001,60.259998,56.209877,297700
2016-03-02,60.000000,60.900002,59.599998,60.509998,56.443085,215100
2016-03-03,60.500000,60.820000,59.480000,60.459999,56.396431,210100
2016-03-04,60.790001,61.939999,59.770000,61.799999,57.646362,346800
2016-03-07,61.279999,62.369999,60.980000,61.509998,57.375854,270900
2016-03-08,61.169998,61.250000,58.599998,58.860001,54.903976,204900
2016-03-09,59.150002,59.810001,58.009998,59.770000,55.752804,177600
2016-03-10,60.139999,60.930000,58.840000,59.650002,55.640873,159100
2016-03-11,60.110001,61.160000,59.290001,61.080002,56.974777,196900
2016-03-14,61.209999,61.320000,59.840000,60.330002,56.275181,149800
2016-03-15,59.889999,60.009998,59.000000,59.680000,55.668865,375200
2016-03-16,59.380001,60.650002,58.740002,60.419998,56.359119,158100
2016-03-17,60.270000,60.689999,59.410000,60.590000,56.517696,227200
2016-03-18,60.889999,62.560001,59.889999,62.540001,58.336632,459000
2016-03-21,62.369999,62.450001,61.240002,61.450001,57.319893,169000
2016-03-22,61.060001,61.740002,60.919998,61.529999,57.394527,232400
2016-03-23,61.520000,61.889999,60.900002,60.930000,56.834850,205900
2016-03-24,60.540001,61.240002,59.310001,61.209999,57.096024,131500
2016-03-28,61.570000,61.810001,60.660000,60.919998,56.825508,169100
2016-03-29,60.549999,62.310001,60.250000,62.169998,58.182522,306300
2016-03-30,62.709999,63.209999,62.049999,62.549999,58.538147,166500
2016-03-31,62.389999,64.120003,61.939999,63.639999,59.558243,366900
2016-04-01,63.029999,64.690002,62.680000,64.449997,60.316280,228100
2016-04-04,64.720001,65.260002,63.450001,63.470001,59.399155,238300
2016-04-05,62.970001,63.349998,62.500000,62.840000,58.809547,209800
2016-04-06,62.790001,64.080002,62.709999,63.889999,59.792194,229300
2016-04-07,63.639999,63.980000,62.520000,63.470001,59.399155,357100
2016-04-08,63.810001,64.250000,63.400002,63.650002,59.567593,200000
2016-04-11,64.059998,64.400002,63.400002,63.520000,59.445938,166600
2016-04-12,63.680000,64.169998,62.950001,63.540001,59.464661,197500
2016-04-13,63.950001,66.019997,63.680000,65.889999,61.663933,304500
2016-04-14,65.889999,66.000000,64.320000,65.260002,61.074341,246700
2016-04-15,64.980003,65.739998,64.480003,64.690002,60.540905,220900
2016-04-18,64.180000,65.209999,64.180000,64.919998,60.756130,201800
2016-04-19,65.129997,65.129997,63.419998,63.939999,59.838993,287100
2016-04-20,63.700001,65.320000,63.540001,63.759998,59.670540,217600
2016-04-21,63.580002,64.019997,63.009998,63.410000,59.342987,240200
2016-04-22,63.169998,64.730003,63.169998,64.190002,60.072971,247100
2016-04-25,63.529999,64.550003,63.349998,63.700001,59.614395,203500
2016-04-26,64.019997,65.540001,63.810001,64.940002,60.774868,212800
2016-04-27,64.680000,66.239998,63.680000,65.360001,61.167915,204600
2016-04-28,65.029999,65.459999,63.950001,64.190002,60.072971,204700
2016-04-29,64.279999,64.349998,61.919998,62.419998,58.416481,310300
2016-05-02,61.090000,63.720001,61.090000,63.509998,59.436565,412700
2016-05-03,65.500000,65.500000,62.410000,64.449997,60.316280,582600
2016-05-04,63.630001,63.799999,62.169998,62.259998,58.266747,404700
2016-05-05,62.270000,62.650002,61.470001,61.680000,57.723946,325400
2016-05-06,61.049999,62.509998,61.000000,62.509998,58.500710,254400
2016-05-09,62.509998,63.869999,61.779999,61.849998,57.883049,256200
2016-05-10,61.939999,62.520000,61.090000,62.400002,58.397781,177900
2016-05-11,62.250000,63.200001,61.750000,62.330002,58.332260,213200
2016-05-12,62.500000,62.500000,60.060001,60.930000,57.022049,234100
2016-05-13,60.560001,61.840000,60.560001,61.450001,57.508701,222500
2016-05-16,61.669998,63.590000,61.669998,62.860001,58.828266,297700
2016-05-17,62.970001,63.410000,61.919998,62.090000,58.107655,367800
2016-05-18,61.700001,63.880001,60.020000,63.009998,58.968639,187700
2016-05-19,62.750000,63.599998,61.250000,62.119999,58.135746,297700
2016-05-20,62.650002,64.160004,62.650002,64.120003,60.007462,309600
2016-05-23,64.180000,66.480003,64.180000,65.370003,61.177273,557100
2016-05-24,65.870003,67.540001,65.709999,66.889999,62.599773,676300
2016-05-25,67.519997,67.849998,66.540001,66.889999,62.599773,253000
2016-05-26,66.910004,67.980003,66.910004,67.860001,63.507584,299500
2016-05-27,67.660004,68.660004,67.459999,68.519997,64.125229,406900
2016-05-31,68.599998,68.980003,67.949997,68.330002,63.947414,294600
2016-06-01,67.559998,68.930000,67.559998,68.720001,64.312439,198800
2016-06-02,68.580002,68.769997,68.040001,68.690002,64.284332,251000
2016-06-03,68.849998,68.860001,68.010002,68.699997,64.293686,165900
2016-06-06,68.800003,69.199997,68.419998,68.769997,64.359207,141600
2016-06-07,69.190002,70.330002,68.889999,70.220001,65.716217,299500
2016-06-08,70.400002,71.050003,69.599998,70.629997,66.099907,218900
2016-06-09,70.029999,70.820000,69.500000,70.750000,66.212212,217500
2016-06-10,69.779999,70.099998,68.820000,69.070000,64.639969,210300
2016-06-13,68.330002,69.529999,67.879997,68.599998,64.200119,212400
2016-06-14,68.599998,69.059998,68.110001,68.750000,64.340485,245700
2016-06-15,69.150002,69.760002,68.669998,68.959999,64.537033,208600
2016-06-16,68.430000,68.980003,67.639999,68.910004,64.490219,147000
2016-06-17,69.080002,69.080002,67.019997,67.900002,63.545010,397500
2016-06-20,68.510002,69.519997,68.290001,68.379997,63.994217,204700
2016-06-21,68.610001,68.989998,67.709999,68.230003,63.853859,228000
2016-06-22,68.330002,68.709999,67.760002,68.169998,63.797688,233000
2016-06-23,68.949997,69.919998,68.480003,69.889999,65.407356,279800
2016-06-24,66.400002,68.220001,65.570000,66.199997,61.954041,484100
2016-06-27,65.419998,65.419998,62.380001,63.299999,59.240047,435600
2016-06-28,63.910000,66.510002,63.709999,66.349998,62.291241,567600
2016-06-29,67.220001,68.690002,66.480003,66.919998,62.826355,289400
2016-06-30,66.809998,68.339996,65.629997,68.320000,64.140747,337100
2016-07-01,68.180000,68.349998,67.370003,67.599998,63.464764,187000
2016-07-05,67.260002,67.910004,65.889999,66.110001,62.065926,256600
2016-07-06,65.449997,66.800003,65.110001,66.519997,62.450836,206200
2016-07-07,66.970001,68.500000,66.870003,67.430000,63.305168,249400
2016-07-08,68.099998,69.250000,67.779999,68.830002,64.619530,232500
2016-07-11,69.250000,69.879997,68.940002,69.809998,65.539574,233500
2016-07-12,70.339996,71.050003,69.980003,70.709999,66.384529,198400
2016-07-13,70.889999,71.309998,70.070000,70.330002,66.027786,260700
2016-07-14,71.099998,71.250000,70.110001,70.610001,66.290627,208200
2016-07-15,70.959999,71.139999,70.010002,70.919998,66.581680,145800
2016-07-18,71.389999,71.680000,70.779999,70.849998,66.515923,194100
2016-07-19,70.849998,71.360001,70.629997,70.980003,66.638023,124600
2016-07-20,71.470001,72.959999,71.080002,72.309998,67.886650,330700
2016-07-21,72.419998,72.720001,71.290001,71.540001,67.163765,235600
2016-07-22,71.419998,72.589996,70.769997,72.080002,67.670731,178000
2016-07-25,71.589996,73.360001,71.589996,73.209999,68.731606,461200
2016-07-26,73.080002,73.970001,71.029999,73.790001,69.276123,959100
2016-07-27,74.330002,74.839996,73.470001,73.940002,69.416946,392200
2016-07-28,73.790001,74.080002,72.910004,73.269997,68.787933,249700
2016-07-29,73.279999,73.580002,72.070000,72.720001,68.271561,430000
2016-08-01,72.669998,73.379997,72.440002,72.830002,68.374840,163800
2016-08-02,72.790001,72.949997,70.760002,71.199997,66.844521,348900
2016-08-03,70.900002,72.000000,70.000000,71.809998,67.417213,323600
2016-08-04,71.860001,72.540001,71.680000,72.279999,67.858505,156600
2016-08-05,72.809998,73.199997,71.839996,72.980003,68.515656,172200
2016-08-08,73.199997,73.389999,72.209999,72.860001,68.403015,163600
2016-08-09,72.760002,74.209999,72.760002,73.709999,69.201004,188800
2016-08-10,73.660004,73.660004,72.709999,73.279999,68.797318,140500
2016-08-11,73.580002,73.800003,71.089996,73.370003,68.881821,113700
2016-08-12,73.110001,73.599998,72.949997,73.550003,69.050812,85200
2016-08-15,73.580002,74.779999,72.940002,74.620003,70.055351,187100
2016-08-16,74.260002,74.260002,73.430000,73.760002,69.247948,193000
2016-08-17,73.480003,74.029999,72.129997,73.760002,69.247948,178000
2016-08-18,73.519997,74.400002,73.519997,74.290001,69.745537,93100
2016-08-19,74.220001,75.650002,74.220001,75.010002,70.421471,261400
2016-08-22,74.860001,75.639999,74.620003,75.599998,70.975395,110400
2016-08-23,76.160004,76.529999,75.029999,75.910004,71.266426,141800
2016-08-24,75.849998,76.029999,74.830002,75.019997,70.430847,278800
2016-08-25,75.059998,75.879997,74.790001,75.290001,70.684357,103200
2016-08-26,75.800003,76.769997,75.599998,76.690002,71.998734,320100
2016-08-29,76.629997,77.099998,76.089996,76.169998,71.510529,239000
2016-08-30,76.230003,77.680000,76.180000,76.370003,71.698303,335700
2016-08-31,76.349998,76.830002,75.800003,76.720001,72.026886,342600
2016-09-01,76.650002,77.739998,76.120003,77.660004,72.909370,238300
2016-09-02,78.050003,78.449997,77.050003,77.370003,72.637138,5209500
2016-09-06,77.830002,77.989998,76.169998,76.650002,71.961159,374100
2016-09-07,76.500000,76.680000,75.610001,76.680000,71.989349,268000
2016-09-08,76.330002,76.419998,75.400002,75.559998,70.937828,297700
2016-09-09,74.930000,75.540001,73.370003,73.419998,68.928734,470400
2016-09-12,73.419998,75.400002,71.599998,75.379997,70.768852,407800
2016-09-13,75.029999,76.129997,74.379997,74.690002,70.121063,444100
2016-09-14,74.800003,75.209999,74.400002,74.660004,70.092903,260000
2016-09-15,74.790001,75.400002,74.070000,75.209999,70.609253,645100
2016-09-16,75.779999,75.940002,74.610001,75.620003,70.994179,466100
2016-09-19,76.209999,76.989998,75.459999,75.959999,71.313370,161400
2016-09-20,76.169998,76.419998,75.459999,75.570000,70.947227,252500
2016-09-21,75.879997,76.489998,75.250000,76.449997,71.773392,208300
2016-09-22,77.260002,77.919998,76.889999,77.360001,72.627731,438800
2016-09-23,77.070000,77.970001,75.940002,76.529999,71.848503,300900
2016-09-26,76.040001,77.849998,75.610001,76.360001,71.688904,455900
2016-09-27,76.430000,78.459999,76.279999,78.419998,73.622879,389000
2016-09-28,78.349998,79.000000,77.959999,78.940002,74.300568,322800
2016-09-29,79.139999,79.550003,78.180000,78.949997,74.309967,334400
2016-09-30,79.269997,80.940002,79.269997,80.500000,75.768898,787400
2016-10-03,80.230003,80.500000,78.849998,79.190002,74.535881,377300
2016-10-04,79.459999,79.760002,78.260002,79.059998,74.413521,205300
2016-10-05,79.139999,80.300003,79.139999,80.019997,75.317085,249900
2016-10-06,80.279999,80.400002,79.220001,80.309998,75.590065,373600
2016-10-07,80.199997,80.449997,79.010002,80.269997,75.552399,181200
2016-10-10,80.599998,81.370003,80.360001,80.489998,75.759483,158200
2016-10-11,80.540001,80.650002,78.010002,79.120003,74.470016,379000
2016-10-12,78.839996,78.839996,78.000000,78.110001,73.519356,310200
2016-10-13,77.709999,77.709999,76.160004,76.900002,72.380470,418000
2016-10-14,77.480003,78.379997,77.120003,77.169998,72.634605,157900
2016-10-17,76.949997,77.379997,76.440002,76.510002,72.013405,254400
2016-10-18,77.470001,77.699997,76.930000,76.980003,72.455765,170400
2016-10-19,76.800003,77.349998,75.839996,77.120003,72.587532,138500
2016-10-20,76.800003,77.570000,76.419998,76.940002,72.418121,273500
2016-10-21,76.430000,77.650002,75.940002,77.589996,73.029922,193800
2016-10-24,77.889999,79.440002,77.889999,79.370003,74.705299,193100
2016-10-25,79.300003,79.709999,78.570000,79.180000,74.526505,133800
2016-10-26,78.809998,79.589996,78.730003,79.260002,74.601784,108300
2016-10-27,79.959999,80.779999,78.559998,79.010002,74.366463,265000
2016-10-28,79.150002,79.629997,77.580002,77.970001,73.387581,355900
2016-10-31,77.970001,79.470001,77.910004,78.809998,74.178230,532600
2016-11-01,79.269997,82.589996,75.040001,76.489998,71.994576,922700
2016-11-02,76.669998,77.309998,75.930000,76.510002,72.013405,386000
2016-11-03,76.830002,77.239998,75.870003,76.440002,71.947517,244000
2016-11-04,76.190002,77.260002,75.559998,76.690002,72.182823,330500
2016-11-07,77.730003,78.629997,77.260002,78.559998,73.942909,466000
2016-11-08,79.209999,79.309998,77.809998,78.680000,74.055855,207000
2016-11-09,77.269997,80.110001,76.519997,79.760002,75.072388,351900
2016-11-10,80.639999,81.449997,77.580002,77.790001,73.218163,428500
2016-11-11,78.139999,80.169998,78.139999,79.290001,74.629997,503100
2016-11-14,79.709999,80.110001,79.040001,79.830002,75.138275,383700
2016-11-15,79.839996,80.800003,79.239998,80.199997,75.486519,203500
2016-11-16,79.769997,81.330002,79.769997,80.980003,76.220665,188700
2016-11-17,81.269997,81.820000,80.760002,81.639999,76.841888,240700
2016-11-18,81.660004,82.160004,81.250000,81.830002,77.020729,174400
2016-11-21,84.000000,84.830002,82.500000,82.860001,77.990173,461400
2016-11-22,83.410004,84.110001,82.980003,83.949997,79.016121,424600
2016-11-23,84.150002,84.199997,83.309998,84.000000,79.063194,260800
2016-11-25,83.889999,84.410004,83.269997,84.339996,79.383202,103200
2016-11-28,84.309998,84.680000,83.309998,83.720001,78.799637,307800
2016-11-29,83.779999,84.019997,82.949997,83.099998,78.216080,291200
2016-11-30,83.129997,83.430000,81.910004,82.040001,77.218391,253100
2016-12-01,81.699997,81.980003,75.919998,76.500000,72.003983,671400
2016-12-02,76.389999,77.550003,75.080002,76.650002,72.145157,668600
2016-12-05,77.070000,78.550003,76.940002,77.980003,73.397003,297300
2016-12-06,77.790001,78.570000,77.339996,78.279999,73.679344,192900
2016-12-07,78.230003,79.669998,77.449997,79.349998,74.686478,214800
2016-12-08,79.620003,81.029999,78.620003,80.809998,76.060661,194500
2016-12-09,81.360001,81.389999,79.809998,80.330002,75.608871,226700
2016-12-12,80.129997,80.589996,78.620003,80.080002,75.373566,173400
2016-12-13,85.620003,88.089996,81.800003,83.040001,78.159607,1062600
2016-12-14,82.889999,83.620003,82.199997,82.839996,77.971359,442600
2016-12-15,83.209999,85.589996,82.500000,84.209999,79.260849,540500
2016-12-16,84.589996,85.230003,83.190002,83.269997,78.376091,628600
2016-12-19,83.650002,85.800003,83.470001,84.110001,79.166710,265700
2016-12-20,84.610001,85.690002,84.129997,85.430000,80.409142,303400
2016-12-21,85.690002,86.000000,84.510002,84.580002,79.609100,262100
2016-12-22,84.919998,84.949997,83.879997,84.309998,79.354973,180600
2016-12-23,84.559998,85.190002,83.330002,84.559998,79.590279,190200
2016-12-27,84.410004,85.730003,84.410004,85.019997,80.023247,161800
2016-12-28,85.559998,85.559998,83.059998,83.230003,78.523170,197400
2016-12-29,83.489998,84.290001,82.379997,83.220001,78.513725,236300
2016-12-30,83.300003,83.309998,81.360001,81.930000,77.296669,250600
2017-01-03,82.889999,84.040001,81.839996,83.610001,78.881668,433900
2017-01-04,83.949997,84.050003,82.489998,83.029999,78.334465,363400
2017-01-05,82.709999,83.760002,82.199997,82.760002,78.079758,231900
2017-01-06,82.669998,84.239998,82.279999,83.940002,79.193001,269200
2017-01-09,84.129997,85.809998,83.750000,85.400002,80.570450,481900
2017-01-10,85.089996,85.750000,84.639999,85.570000,80.730827,300300
2017-01-11,86.000000,86.349998,85.059998,86.320000,81.438393,261500
2017-01-12,86.129997,86.220001,84.800003,85.949997,81.089340,142000
2017-01-13,86.230003,87.610001,86.059998,87.139999,82.212051,160300
2017-01-17,86.800003,86.940002,84.900002,85.169998,80.353432,220300
2017-01-18,85.730003,86.930000,85.629997,86.449997,81.561043,259600
2017-01-19,86.260002,86.959999,85.400002,85.610001,80.768578,211500
2017-01-20,85.620003,87.800003,85.620003,87.540001,82.589417,452500
2017-01-23,87.360001,88.629997,87.360001,88.330002,83.334770,651500
2017-01-24,88.769997,91.129997,88.720001,90.550003,85.429207,364600
2017-01-25,91.040001,91.760002,89.940002,90.059998,84.966896,455200
2017-01-26,90.230003,90.739998,87.750000,88.300003,83.306442,507400
2017-01-27,88.760002,90.150002,88.160004,89.779999,84.702744,196100
2017-01-30,89.000000,89.610001,87.599998,89.050003,84.014023,228200
2017-01-31,89.050003,89.050003,87.139999,87.239998,82.306412,437100
2017-02-01,88.239998,89.180000,87.150002,88.919998,83.891357,398100
2017-02-02,88.500000,88.809998,87.769997,88.269997,83.278130,238700
2017-02-03,89.190002,89.750000,88.550003,89.070000,84.032906,345900
2017-02-06,88.820000,88.889999,87.900002,88.540001,83.532898,286200
2017-02-07,88.669998,89.809998,88.339996,89.370003,84.315918,214100
2017-02-08,89.050003,90.440002,88.750000,89.910004,84.825401,448000
2017-02-09,89.980003,90.400002,88.889999,89.010002,83.976295,649300
2017-02-10,87.750000,89.339996,85.250000,88.400002,83.400787,977200
2017-02-13,88.529999,89.150002,84.949997,85.910004,81.051605,768700
2017-02-14,85.580002,85.730003,84.760002,85.129997,80.315712,353200
2017-02-15,85.070000,86.279999,84.449997,86.019997,81.155380,461800
2017-02-16,86.209999,86.720001,85.510002,86.160004,81.287460,252900
2017-02-17,86.010002,86.610001,85.019997,86.519997,81.627106,239300
2017-02-21,86.519997,88.230003,86.449997,88.220001,83.230957,327900
2017-02-22,88.160004,89.089996,87.980003,88.800003,83.778168,272700
2017-02-23,89.059998,89.059998,86.839996,88.180000,83.193222,462400
2017-02-24,87.480003,88.830002,87.040001,88.820000,83.797035,266400
2017-02-27,88.949997,89.110001,88.190002,89.099998,84.061211,413000
2017-02-28,89.000000,89.000000,87.709999,87.970001,82.995094,509000
2017-03-01,88.750000,89.500000,87.970001,89.440002,84.381966,312700
2017-03-02,89.349998,89.750000,88.839996,88.919998,83.891357,229100
2017-03-03,89.000000,89.029999,88.199997,88.570000,83.561165,267100
2017-03-06,87.959999,88.470001,87.000000,88.160004,83.174385,178000
2017-03-07,88.139999,89.370003,87.709999,88.349998,83.353592,258000
2017-03-08,88.639999,89.440002,88.089996,88.370003,83.372498,153400
2017-03-09,88.370003,88.650002,87.830002,88.330002,83.334770,160700
2017-03-10,88.879997,89.320000,88.500000,89.250000,84.202721,205300
2017-03-13,89.239998,91.000000,89.000000,90.959999,85.816010,222300
2017-03-14,90.879997,91.500000,90.339996,91.389999,86.221703,303900
2017-03-15,91.500000,92.889999,90.410004,92.720001,87.476494,259000
2017-03-16,93.050003,93.580002,92.239998,92.320000,87.099106,188000
2017-03-17,92.519997,93.300003,92.000000,92.959999,87.702911,503900
2017-03-20,93.290001,94.489998,92.809998,93.730003,88.429375,252000
2017-03-21,94.370003,94.370003,91.599998,91.680000,86.495285,288100
2017-03-22,91.580002,92.190002,91.000000,92.089996,86.882095,234200
2017-03-23,91.930000,92.629997,90.910004,91.120003,85.966965,204300
2017-03-24,91.879997,92.949997,91.070000,91.430000,86.259438,222500
2017-03-27,90.839996,91.349998,89.089996,91.070000,85.919807,286400
2017-03-28,91.070000,92.809998,91.019997,92.669998,87.429291,272200
2017-03-29,92.290001,92.989998,91.430000,91.870003,86.862000,173900
2017-03-30,91.900002,92.489998,90.080002,91.930000,86.918747,260700
2017-03-31,91.750000,92.650002,90.910004,92.099998,87.079491,226000
2017-04-03,92.230003,92.540001,91.070000,91.489998,86.502724,339300
2017-04-04,91.169998,92.940002,91.169998,92.529999,87.486038,329500
2017-04-05,92.669998,92.980003,90.800003,90.980003,86.020554,295800
2017-04-06,91.099998,91.449997,89.800003,91.050003,86.086731,301000
2017-04-07,90.860001,92.050003,90.480003,91.730003,86.729660,180100
2017-04-10,91.970001,92.239998,90.739998,91.230003,86.256912,256900
2017-04-11,90.940002,92.110001,89.410004,90.570000,85.632896,439400
2017-04-12,90.570000,90.760002,89.269997,89.400002,84.526680,288500
2017-04-13,89.000000,90.239998,88.190002,88.970001,84.120117,200800
2017-04-17,89.339996,90.440002,89.250000,90.419998,85.491058,148600
2017-04-18,90.169998,91.199997,89.209999,91.110001,86.143456,173300
2017-04-19,91.790001,92.470001,91.389999,91.800003,86.795837,268400
2017-04-20,92.160004,93.930000,91.730003,93.809998,88.696274,267700
2017-04-21,93.650002,94.150002,92.440002,93.370003,88.280258,382400
2017-04-24,94.989998,95.660004,94.419998,95.250000,90.057770,340500
2017-04-25,95.949997,96.839996,95.250000,96.209999,90.965439,458500
2017-04-26,96.220001,96.279999,93.680000,93.709999,88.601715,366900
2017-04-27,95.000000,96.599998,92.980003,94.459999,89.310822,536700
2017-04-28,94.260002,94.750000,91.430000,91.500000,86.512184,414500
2017-05-01,91.500000,92.610001,90.300003,91.860001,86.852585,376300
2017-05-02,91.760002,92.129997,90.379997,91.110001,86.143456,244100
2017-05-03,90.809998,91.050003,89.669998,90.820000,85.869255,245800
2017-05-04,91.050003,92.839996,91.000000,92.760002,87.703499,288100
2017-05-05,93.279999,93.459999,91.910004,93.459999,88.365334,211500
2017-05-08,93.160004,93.580002,92.239998,92.680000,87.627876,251900
2017-05-09,92.839996,94.480003,91.629997,93.720001,88.611168,208800
2017-05-10,94.250000,95.599998,93.820000,95.389999,90.190155,361200
2017-05-11,95.099998,95.779999,94.470001,95.540001,90.331963,314900
2017-05-12,95.239998,95.779999,94.459999,94.809998,89.641762,165800
2017-05-15,95.269997,96.449997,95.269997,96.089996,90.851974,257800
2017-05-16,96.379997,98.330002,96.190002,98.209999,92.856415,284800
2017-05-17,96.750000,97.389999,92.889999,92.959999,87.892609,306000
2017-05-18,92.610001,94.680000,92.150002,93.830002,88.715179,263000
2017-05-19,94.510002,95.779999,94.510002,95.099998,89.915932,189600
2017-05-22,95.320000,95.900002,94.930000,95.220001,90.029419,182800
2017-05-23,95.489998,95.489998,93.879997,95.040001,89.859207,136300
2017-05-24,95.440002,97.739998,95.089996,97.430000,92.118927,243800
2017-05-25,97.839996,98.339996,97.110001,97.660004,92.336418,117000
2017-05-26,97.610001,98.339996,96.559998,98.010002,92.667328,115800
2017-05-30,98.230003,98.930000,97.519997,97.820000,92.487671,212600
2017-05-31,98.500000,98.660004,97.080002,98.199997,92.846954,155800
2017-06-01,98.699997,98.870003,97.889999,98.589996,93.215698,211400
2017-06-02,99.089996,101.160004,98.540001,100.800003,95.305222,361300
2017-06-05,100.800003,101.500000,100.080002,101.010002,95.503807,230800
2017-06-06,100.370003,101.949997,100.019997,100.830002,95.333611,241500
2017-06-07,101.209999,102.629997,100.809998,101.790001,96.241264,227300
2017-06-08,102.300003,103.519997,101.040001,103.349998,97.716225,229800
2017-06-09,103.690002,103.919998,96.639999,97.930000,92.591675,331900
2017-06-12,96.580002,98.900002,93.690002,97.339996,92.033836,344600
2017-06-13,98.190002,99.879997,97.300003,98.070000,92.724052,237100
2017-06-14,98.260002,99.139999,95.500000,96.459999,91.201828,165000
2017-06-15,94.730003,96.650002,94.730003,96.410004,91.154533,199800
2017-06-16,95.790001,97.599998,95.589996,97.190002,91.892014,391600
2017-06-19,103.000000,103.010002,97.589996,98.330002,92.969872,169500
2017-06-20,98.169998,98.760002,96.300003,96.400002,91.145088,335800
2017-06-21,97.139999,98.180000,96.629997,97.559998,92.241829,147000
2017-06-22,97.339996,97.660004,96.250000,97.059998,91.769096,119800
2017-06-23,97.180000,98.779999,96.769997,98.580002,93.206238,293900
2017-06-26,99.000000,101.250000,98.940002,99.510002,94.085556,856100
2017-06-27,99.400002,99.400002,96.690002,96.839996,91.561111,518400
2017-06-28,97.279999,99.169998,96.120003,99.029999,93.825485,319600
2017-06-29,98.550003,100.000000,95.389999,97.120003,92.015854,298700
2017-06-30,97.220001,97.949997,96.339996,96.400002,91.333710,238700
2017-07-03,96.900002,97.190002,94.239998,94.239998,89.287224,150900
2017-07-05,94.269997,96.580002,94.260002,95.739998,90.708382,260300
2017-07-06,94.720001,96.269997,94.260002,95.300003,90.291534,178200
2017-07-07,95.830002,98.180000,95.529999,98.029999,92.878021,374400
2017-07-10,98.260002,98.480003,97.209999,97.779999,92.641190,242600
2017-07-11,97.769997,98.980003,97.349998,98.720001,93.531792,260800
2017-07-12,99.639999,100.470001,99.379997,100.150002,94.886635,137800
2017-07-13,100.250000,100.389999,98.879997,100.010002,94.754005,192800
2017-07-14,100.260002,101.050003,100.010002,100.790001,95.492996,140300
2017-07-17,101.080002,101.839996,100.019997,101.029999,95.720367,233900
2017-07-18,100.750000,101.860001,100.290001,101.629997,96.288841,169300
2017-07-19,102.120003,103.949997,101.959999,103.610001,98.164772,172700
2017-07-20,103.959999,105.139999,103.239998,105.000000,99.481720,127500
2017-07-21,105.089996,105.089996,103.139999,103.750000,98.297447,237200
2017-07-24,103.650002,104.970001,103.349998,104.849998,99.339607,261200
2017-07-25,104.940002,105.260002,103.889999,104.930000,99.415413,367900
2017-07-26,105.660004,107.870003,104.830002,106.790001,101.177673,386800
2017-07-27,101.599998,107.559998,99.500000,104.580002,99.083801,588000
2017-07-28,103.910004,103.910004,102.290001,102.620003,97.226845,224300
2017-07-31,102.599998,103.750000,101.660004,102.320000,96.942604,220400
2017-08-01,102.870003,103.980003,102.000000,103.199997,97.776329,273400
2017-08-02,103.440002,103.449997,101.139999,101.860001,96.506744,232500
2017-08-03,101.730003,102.800003,100.750000,101.440002,96.108833,245900
2017-08-04,101.599998,102.449997,100.949997,101.550003,96.213066,188100
2017-08-07,101.849998,103.139999,101.000000,102.769997,97.368927,220900
2017-08-08,102.769997,103.849998,102.269997,102.510002,97.122581,195000
2017-08-09,102.010002,102.900002,101.379997,102.150002,96.781517,196000
2017-08-10,101.650002,101.800003,100.230003,100.470001,95.189827,240500
2017-08-11,100.650002,101.730003,99.720001,101.099998,95.786697,158700
2017-08-14,102.000000,103.029999,101.269997,101.769997,96.421471,227100
2017-08-15,101.940002,102.510002,101.400002,101.779999,96.430962,178700
2017-08-16,102.000000,102.040001,101.110001,101.470001,96.137260,190800
2017-08-17,100.849998,101.150002,97.519997,97.580002,92.451706,200100
2017-08-18,97.589996,98.690002,96.540001,97.610001,92.480110,181700
2017-08-21,97.660004,97.669998,95.500000,95.870003,90.831573,317900
2017-08-22,96.709999,97.860001,96.089996,97.580002,92.451706,504100
2017-08-23,96.820000,97.910004,96.660004,97.629997,92.499069,147200
2017-08-24,97.849998,99.129997,97.489998,98.400002,93.228600,255800
2017-08-25,98.620003,98.750000,97.220001,97.500000,92.375916,329800
2017-08-28,97.849998,98.089996,97.349998,98.040001,92.887520,164400
2017-08-29,97.300003,98.669998,96.989998,98.300003,93.133858,206500
2017-08-30,98.529999,100.040001,97.949997,100.000000,94.744537,326900
2017-08-31,100.320000,101.410004,99.930000,101.320000,95.995155,210100
2017-09-01,101.419998,102.980003,100.769997,102.709999,97.312080,259100
2017-09-05,102.169998,103.709999,101.629997,103.510002,98.070061,453200
2017-09-06,103.790001,103.790001,102.120003,102.510002,97.122581,309200
2017-09-07,102.989998,103.519997,102.059998,102.690002,97.293152,242400
2017-09-08,102.500000,103.290001,101.709999,102.720001,97.321564,241500
2017-09-11,103.489998,105.419998,103.430000,105.169998,99.642815,206400
2017-09-12,105.250000,105.790001,104.339996,105.769997,100.211266,301900
2017-09-13,105.760002,105.779999,103.589996,103.820000,98.363762,535200
2017-09-14,103.690002,104.699997,102.620003,102.769997,97.368927,370100
2017-09-15,102.949997,104.150002,102.559998,103.260002,97.833183,545500
2017-09-18,103.800003,104.910004,103.709999,104.180000,98.704819,197900
2017-09-19,104.190002,104.650002,103.320000,103.470001,98.032143,223600
2017-09-20,103.330002,103.790001,100.260002,101.370003,96.042526,290500
2017-09-21,101.370003,103.089996,100.620003,102.589996,97.198372,297500
2017-09-22,102.190002,103.239998,102.000000,102.970001,97.558434,103500
2017-09-25,102.959999,102.959999,101.019997,101.680000,96.336212,187400
2017-09-26,102.269997,103.080002,101.580002,102.769997,97.368927,223600
2017-09-27,103.419998,106.839996,103.000000,106.199997,100.618698,292700
2017-09-28,105.889999,106.610001,104.940002,106.430000,101.026855,202500
2017-09-29,106.519997,107.000000,106.269997,106.550003,101.140770,243600
2017-10-02,106.889999,107.690002,106.269997,107.550003,102.089981,166100
2017-10-03,107.769997,108.889999,107.150002,108.389999,102.887337,193400
2017-10-04,108.070000,108.559998,107.320000,107.720001,102.251373,154100
2017-10-05,108.300003,108.309998,106.900002,108.230003,102.735481,122300
2017-10-06,107.629997,108.699997,107.599998,108.629997,103.115143,110800
2017-10-09,108.629997,109.040001,108.019997,108.599998,103.086670,172600
2017-10-10,110.000000,111.550003,109.019997,111.550003,105.886925,266700
2017-10-11,111.760002,112.589996,110.669998,112.519997,106.807671,159400
2017-10-12,112.550003,114.040001,112.320000,113.139999,107.396172,195300
2017-10-13,113.639999,114.269997,113.110001,114.080002,108.288483,226700
2017-10-16,114.089996,114.629997,113.500000,113.830002,108.051178,143000
2017-10-17,113.519997,114.209999,113.099998,113.129997,107.386719,159200
2017-10-18,113.820000,114.269997,112.389999,113.849998,108.070145,159400
2017-10-19,113.029999,113.980003,111.070000,113.930000,108.146111,127500
2017-10-20,115.019997,115.099998,113.900002,113.980003,108.193573,162500
2017-10-23,114.180000,115.339996,113.900002,114.699997,108.876991,146700
2017-10-24,115.129997,115.959999,114.540001,114.739998,108.914963,180100
2017-10-25,114.150002,115.019997,112.610001,114.080002,108.288483,232600
2017-10-26,113.199997,115.440002,113.089996,114.849998,109.019394,190300
2017-10-27,117.139999,121.139999,115.589996,120.889999,114.752724,464700
2017-10-30,120.680000,121.620003,119.129997,119.949997,113.860466,258000
2017-10-31,120.220001,122.169998,119.699997,121.669998,115.493156,213800
2017-11-01,122.830002,122.940002,119.080002,120.620003,114.496452,222700
2017-11-02,120.489998,121.300003,119.110001,119.879997,113.794022,207100
2017-11-03,120.349998,122.160004,119.500000,122.150002,115.948784,221300
2017-11-06,122.250000,124.809998,121.599998,124.589996,118.264900,257400
2017-11-07,124.760002,125.750000,122.300003,123.690002,117.410606,184100
2017-11-08,123.129997,124.349998,122.400002,123.160004,116.907501,377600
2017-11-09,122.040001,122.779999,118.279999,120.379997,114.268639,278700
2017-11-10,120.519997,122.250000,120.300003,121.800003,115.616562,194700
2017-11-13,121.000000,122.769997,120.349998,120.879997,114.743248,356600
2017-11-14,120.330002,121.110001,118.540001,119.769997,113.689613,301300
2017-11-15,118.879997,120.320000,117.449997,118.919998,112.882782,209000
2017-11-16,119.699997,122.190002,119.699997,121.220001,115.066017,213500
2017-11-17,120.910004,123.089996,120.910004,122.620003,116.394936,345200
2017-11-20,122.750000,124.529999,122.610001,124.379997,118.065582,228500
2017-11-21,125.089996,126.680000,125.000000,126.639999,120.210854,233800
2017-11-22,126.750000,126.800003,124.279999,124.360001,118.046593,199000
2017-11-24,124.419998,125.650002,124.419998,125.540001,119.166672,58200
2017-11-27,124.809998,125.279999,123.699997,124.330002,118.018097,263400
2017-11-28,124.669998,126.129997,124.120003,124.940002,118.597145,235200
2017-11-29,124.669998,125.250000,116.500000,116.879997,110.946327,394500
2017-11-30,118.599998,119.029999,115.660004,118.349998,112.341713,431000
2017-12-01,117.910004,118.150002,112.800003,116.970001,111.031761,303000
2017-12-04,118.470001,119.440002,110.940002,111.199997,105.554680,505400
2017-12-05,110.830002,113.610001,109.519997,111.239998,105.592644,342400
2017-12-06,110.459999,112.010002,105.010002,111.239998,105.592644,256600
2017-12-07,111.669998,112.849998,110.910004,111.260002,105.611649,410000
2017-12-08,112.739998,114.830002,112.150002,112.790001,107.063972,305700
2017-12-11,113.089996,115.000000,112.879997,113.879997,108.098633,394400
2017-12-12,113.290001,114.000000,112.110001,112.809998,107.082947,498200
2017-12-13,113.019997,114.089996,110.790001,111.500000,105.839455,343100
2017-12-14,111.160004,112.370003,110.000000,110.260002,104.662399,383300
2017-12-15,110.250000,114.160004,109.169998,112.449997,106.741226,593600
2017-12-18,113.580002,115.349998,113.400002,114.769997,108.943451,333800
2017-12-19,114.419998,115.839996,113.449997,114.010002,108.222046,348200
2017-12-20,114.959999,115.820000,113.269997,114.970001,109.133293,263800
2017-12-21,115.300003,115.510002,113.559998,113.709999,107.937263,194800
2017-12-22,113.180000,113.730003,112.680000,113.169998,107.424660,255500
2017-12-26,112.360001,113.709999,111.360001,113.139999,107.396172,145600
2017-12-27,112.959999,113.970001,112.570000,112.889999,107.158875,186500
2017-12-28,113.120003,113.419998,112.739998,113.309998,107.748436,178300
2017-12-29,113.430000,114.360001,112.300003,112.360001,106.845085,196700
2018-01-02,113.000000,116.349998,112.660004,116.309998,110.601227,285800
2018-01-03,116.500000,118.930000,116.000000,118.500000,112.683716,268100
2018-01-04,119.230003,120.000000,118.089996,119.599998,113.729729,183700
2018-01-05,120.209999,121.290001,119.139999,120.070000,114.176659,227700
2018-01-08,120.160004,122.260002,119.529999,121.559998,115.593513,206700
2018-01-09,121.709999,122.059998,120.500000,121.349998,115.393829,157800
2018-01-10,119.970001,121.050003,119.570000,120.019997,114.129128,212200
2018-01-11,120.139999,121.900002,118.879997,121.720001,115.745667,213200
2018-01-12,121.940002,123.730003,120.720001,122.889999,116.858246,120700
2018-01-16,123.750000,124.440002,119.769997,119.900002,114.015015,283300
2018-01-17,121.239998,121.239998,119.620003,120.510002,114.595055,542900
2018-01-18,120.489998,122.379997,119.470001,119.680000,113.805809,315300
2018-01-19,120.000000,120.629997,118.599998,119.989998,114.100571,304000
2018-01-22,119.739998,121.190002,119.080002,120.190002,114.290771,384100
2018-01-23,120.160004,121.900002,119.209999,121.139999,115.194130,379600
2018-01-24,119.470001,121.690002,119.220001,119.970001,114.081558,377900
2018-01-25,121.529999,121.820000,117.250000,117.580002,111.808891,322800
2018-01-26,118.839996,122.449997,117.669998,122.419998,116.411301,223900
2018-01-29,121.550003,123.449997,120.669998,122.760002,116.734619,307200
2018-01-30,120.660004,123.379997,119.010002,119.580002,113.710716,303700
2018-01-31,120.879997,121.709999,118.519997,119.120003,113.273285,225300
2018-02-01,118.089996,120.910004,117.720001,120.190002,114.290771,172500
2018-02-02,118.870003,118.989998,114.919998,115.040001,109.393562,337300
2018-02-05,113.550003,116.029999,109.500000,109.540001,104.163521,507400
2018-02-06,106.949997,114.440002,103.139999,114.040001,108.442635,645600
2018-02-07,113.580002,114.129997,109.959999,110.000000,104.600945,384200
2018-02-08,109.750000,110.699997,103.769997,103.820000,98.724266,674700
2018-02-09,105.000000,112.239998,105.000000,110.080002,104.677002,1038100
2018-02-12,110.800003,110.809998,107.800003,109.910004,104.515358,667200
2018-02-13,108.830002,110.040001,107.019997,109.970001,104.572388,409000
2018-02-14,108.709999,113.160004,108.050003,112.989998,107.444168,389700
2018-02-15,114.379997,116.419998,112.209999,116.169998,110.468063,329000
2018-02-16,115.870003,117.989998,115.870003,117.000000,111.257324,411600
2018-02-20,116.440002,120.239998,116.000000,119.680000,113.805809,417100
2018-02-21,120.330002,120.620003,117.080002,117.160004,111.409477,283300
2018-02-22,117.690002,118.220001,116.199997,117.190002,111.438019,258900
2018-02-23,117.830002,118.750000,116.400002,118.050003,112.255806,223400
2018-02-26,118.660004,119.959999,118.269997,119.820000,113.938934,156400
2018-02-27,119.830002,121.110001,118.370003,118.580002,112.759804,455600
2018-02-28,119.120003,119.820000,117.010002,117.059998,111.314400,197400
2018-03-01,117.180000,117.730003,114.650002,115.769997,110.087723,214800
2018-03-02,114.339996,118.559998,113.639999,118.150002,112.350914,194400
2018-03-05,117.139999,119.199997,116.419998,118.419998,112.607643,223100
2018-03-06,119.279999,119.769997,117.720001,119.029999,113.187714,380800
2018-03-07,118.129997,120.300003,118.040001,119.370003,113.511009,223400
2018-03-08,120.040001,120.330002,118.769997,119.870003,113.986481,232000
2018-03-09,121.000000,125.000000,120.839996,124.870003,118.741058,268400
2018-03-12,125.000000,126.540001,124.269997,125.510002,119.349640,214600
2018-03-13,126.250000,127.610001,123.199997,123.699997,117.628471,249100
2018-03-14,124.519997,124.519997,122.459999,123.199997,117.153030,165000
2018-03-15,123.730003,125.000000,122.269997,123.400002,117.343216,245000
2018-03-16,123.739998,125.110001,122.970001,124.720001,118.598450,488600
2018-03-19,123.830002,124.290001,119.800003,123.059998,117.019897,338300
2018-03-20,123.010002,125.449997,121.870003,125.110001,118.969292,339100
2018-03-21,124.879997,127.400002,124.010002,125.389999,119.235535,307100
2018-03-22,123.699997,124.180000,119.820000,120.029999,114.138626,238500
2018-03-23,120.080002,120.080002,114.820000,114.889999,109.250900,352900
2018-03-26,117.500000,120.699997,116.230003,119.849998,113.967468,336000
2018-03-27,120.669998,121.559998,114.989998,115.720001,110.040154,419000
2018-03-28,115.489998,115.919998,112.279999,113.209999,107.933182,252800
2018-03-29,113.510002,117.360001,111.849998,115.769997,110.373863,298900
2018-04-02,114.989998,115.589996,110.209999,110.800003,105.635490,301400
2018-04-03,112.120003,113.339996,110.239998,112.360001,107.122795,415900
2018-04-04,109.760002,114.849998,109.230003,114.370003,109.039116,200100
2018-04-05,115.489998,115.940002,113.209999,114.110001,108.791229,193900
2018-04-06,112.510002,114.150002,109.989998,110.940002,105.768967,173300
2018-04-09,112.300003,114.470001,111.150002,111.559998,106.360077,234300
2018-04-10,114.089996,117.110001,112.650002,115.839996,110.440590,206400
2018-04-11,114.839996,117.459999,114.639999,116.980003,111.527435,179700
2018-04-12,118.809998,121.669998,117.980003,121.019997,115.379150,357700
2018-04-13,122.279999,122.930000,120.559998,120.830002,115.198006,318700
2018-04-16,121.510002,122.769997,120.260002,122.010002,116.322990,228700
2018-04-17,122.800003,125.080002,122.309998,124.360001,118.563469,239800
2018-04-18,124.290001,125.250000,122.779999,123.779999,118.010498,182300
2018-04-19,122.430000,122.669998,119.660004,120.239998,114.635490,379300
2018-04-20,120.000000,121.290001,118.800003,119.510002,113.939529,309600
2018-04-23,119.639999,121.169998,118.139999,119.000000,113.453300,356000
2018-04-24,119.559998,120.839996,117.230003,119.010002,113.462837,342500
2018-04-25,119.080002,120.320000,115.970001,119.379997,113.815567,275300
2018-04-26,120.629997,121.720001,119.029999,121.250000,115.598427,189000
2018-04-27,122.589996,122.639999,119.239998,120.279999,114.673637,316800
2018-04-30,120.550003,122.529999,116.550003,117.099998,111.641869,412800
2018-05-01,119.699997,119.699997,115.029999,119.120003,113.567703,511500
2018-05-02,119.449997,119.720001,118.150002,118.349998,112.833603,259100
2018-05-03,117.400002,120.510002,116.430000,120.269997,114.664108,400200
2018-05-04,119.500000,124.269997,118.870003,123.870003,118.096306,243300
2018-05-07,124.190002,125.529999,123.540001,123.839996,118.067688,219200
2018-05-08,124.180000,125.300003,123.239998,124.110001,118.325119,355900
2018-05-09,124.339996,126.540001,123.760002,126.169998,120.289078,271800
2018-05-10,126.440002,128.860001,125.959999,128.669998,122.672577,311800
2018-05-11,128.440002,128.789993,126.510002,126.559998,120.660912,157300
2018-05-14,127.050003,128.869995,126.010002,126.169998,120.289078,292000
2018-05-15,125.559998,126.389999,124.820000,126.230003,120.346298,309000
2018-05-16,126.099998,128.279999,125.989998,127.769997,121.814522,296600
2018-05-17,127.370003,129.149994,126.540001,128.759995,122.758354,189900
2018-05-18,128.960007,130.320007,128.419998,128.940002,122.929977,313500
2018-05-21,130.360001,131.899994,128.339996,129.770004,123.721291,217500
2018-05-22,130.460007,131.399994,129.419998,129.539993,123.501991,205100
2018-05-23,128.490005,130.800003,125.500000,130.720001,124.627022,184000
2018-05-24,130.699997,131.130005,129.509995,130.589996,124.503067,133000
2018-05-25,130.820007,132.830002,130.589996,131.710007,125.570877,152800
2018-05-29,131.270004,132.309998,129.710007,131.539993,125.408806,272800
2018-05-30,132.259995,134.690002,132.029999,133.839996,127.601570,445600
2018-05-31,133.589996,134.740005,131.699997,131.809998,125.666214,223300
2018-06-01,133.020004,133.880005,132.160004,133.300003,127.086746,335500
2018-06-04,133.919998,134.839996,133.070007,134.679993,128.402420,231100
2018-06-05,135.000000,136.490005,134.080002,135.759995,129.432098,197700
2018-06-06,136.080002,137.190002,135.149994,137.190002,130.795441,212100
2018-06-07,137.229996,137.800003,133.199997,133.369995,127.153503,292500
2018-06-08,133.610001,136.949997,132.589996,134.259995,128.002060,491100
2018-06-11,135.130005,137.699997,134.889999,137.339996,130.938477,227700
2018-06-12,137.669998,140.199997,136.520004,139.729996,133.217056,326000
2018-06-13,140.139999,141.570007,137.500000,137.660004,131.243500,380900
2018-06-14,139.059998,139.750000,137.389999,139.710007,133.197968,433500
2018-06-15,138.580002,141.820007,138.089996,141.630005,135.028488,467500
2018-06-18,140.279999,141.339996,139.339996,141.119995,134.542236,262700
2018-06-19,138.919998,140.020004,136.940002,139.070007,132.587845,292500
2018-06-20,139.919998,141.440002,139.179993,141.300003,134.713913,278400
2018-06-21,141.720001,141.720001,138.479996,141.130005,134.551834,495700
2018-06-22,142.000000,142.559998,138.490005,138.539993,132.082520,4484100
2018-06-25,138.190002,138.399994,131.649994,134.259995,128.002060,585600
2018-06-26,134.820007,137.990005,134.000000,136.919998,130.538010,484300
2018-06-27,137.610001,138.179993,133.350006,133.380005,127.163055,419000
2018-06-28,133.330002,136.160004,131.820007,134.570007,128.586807,355300
2018-06-29,135.669998,136.679993,133.570007,133.669998,127.726814,434400
2018-07-02,132.500000,135.529999,131.940002,134.710007,128.720551,345800
2018-07-03,135.899994,135.899994,132.389999,132.699997,126.799927,219700
2018-07-05,133.470001,136.830002,132.779999,136.339996,130.278061,623500
2018-07-06,136.500000,138.539993,135.380005,138.309998,132.160507,309400
2018-07-09,139.300003,139.300003,136.500000,138.220001,132.074509,293600
2018-07-10,138.610001,140.940002,138.339996,140.679993,134.425110,258800
2018-07-11,138.830002,140.020004,136.949997,137.210007,131.109436,273700
2018-07-12,138.210007,140.300003,137.210007,140.229996,133.995132,212000
2018-07-13,140.020004,141.039993,139.050003,139.910004,133.689346,273300
2018-07-16,140.250000,141.000000,139.389999,139.690002,133.479111,138100
2018-07-17,139.020004,142.380005,138.210007,141.350006,135.065338,266700
2018-07-18,141.860001,141.929993,140.050003,141.449997,135.160904,161500
2018-07-19,141.410004,142.149994,140.470001,141.800003,135.495346,179900
2018-07-20,142.399994,142.399994,140.059998,140.720001,134.463333,236200
2018-07-23,140.550003,142.000000,138.919998,141.509995,135.218231,337300
2018-07-24,142.029999,142.910004,136.720001,137.470001,131.357834,299300
2018-07-25,137.800003,138.839996,133.389999,135.490005,129.465851,594900
2018-07-26,138.369995,140.850006,130.339996,136.160004,130.106094,700100
2018-07-27,136.889999,137.320007,130.779999,132.520004,126.627945,299400
2018-07-30,132.179993,132.649994,128.750000,131.050003,125.223259,358500
2018-07-31,131.559998,133.830002,131.470001,132.679993,126.780800,331100
2018-08-01,132.440002,134.669998,131.630005,131.960007,126.092865,301800
2018-08-02,132.869995,135.899994,129.649994,135.630005,129.599640,323900
2018-08-03,135.330002,136.300003,134.509995,135.699997,129.666550,370400
2018-08-06,135.190002,137.380005,134.000000,137.270004,131.166763,208700
2018-08-07,138.259995,142.009995,137.669998,141.449997,135.160904,514400
2018-08-08,140.979996,142.380005,139.500000,141.800003,135.495346,240300
2018-08-09,142.000000,142.320007,139.570007,139.690002,133.479111,289300
2018-08-10,138.000000,139.860001,137.009995,139.419998,133.221161,494000
2018-08-13,139.309998,142.479996,139.309998,139.789993,133.574722,380500
2018-08-14,140.020004,142.419998,139.380005,141.259995,134.979340,360900
2018-08-15,140.089996,141.130005,138.000000,139.919998,133.698898,308200
2018-08-16,140.660004,140.880005,139.339996,140.320007,134.081161,224900
2018-08-17,139.559998,141.000000,138.199997,140.720001,134.463333,248900
2018-08-20,141.000000,142.449997,139.479996,141.970001,135.657761,229100
2018-08-21,142.190002,145.169998,142.190002,144.740005,138.304596,316300
2018-08-22,145.100006,146.720001,143.460007,145.559998,139.088150,288600
2018-08-23,145.199997,147.080002,144.000000,145.550003,139.078613,238500
2018-08-24,146.389999,147.600006,146.080002,147.240005,140.693451,190300
2018-08-27,148.419998,151.080002,148.320007,149.279999,142.642746,399000
2018-08-28,150.119995,150.240005,147.630005,149.149994,142.518509,174700
2018-08-29,150.000000,150.800003,148.570007,149.460007,142.814789,165500
2018-08-30,148.949997,150.080002,148.160004,148.539993,141.935638,141300
2018-08-31,148.800003,150.360001,147.839996,149.869995,143.206497,257100
2018-09-04,149.429993,151.740005,148.259995,151.380005,144.649399,251300
2018-09-05,151.800003,151.800003,147.729996,149.300003,142.661896,306200
2018-09-06,149.229996,150.160004,147.059998,149.320007,142.681015,257600
2018-09-07,148.080002,152.210007,147.479996,147.990005,141.410126,304300
2018-09-10,149.059998,149.309998,145.020004,146.529999,140.015015,318700
2018-09-11,146.059998,147.250000,144.029999,146.009995,139.518158,374000
2018-09-12,145.210007,145.500000,139.210007,141.369995,135.084442,485200
2018-09-13,140.800003,141.250000,129.229996,136.779999,130.698517,1206800
2018-09-14,137.179993,139.360001,136.910004,138.210007,132.064941,686100
2018-09-17,137.970001,138.300003,132.369995,132.550003,126.656593,399200
2018-09-18,132.070007,134.949997,131.910004,133.029999,127.115273,498700
2018-09-19,133.669998,134.779999,131.800003,133.639999,127.698189,359300
2018-09-20,134.740005,136.309998,133.250000,135.259995,129.246078,329100
2018-09-21,135.360001,135.720001,132.690002,132.899994,126.991058,585500
2018-09-24,132.419998,133.029999,130.589996,132.809998,126.905006,382500
2018-09-25,129.699997,131.220001,128.229996,129.139999,123.398232,883000
2018-09-26,129.149994,130.000000,126.730003,126.940002,121.296028,503100
2018-09-27,127.199997,127.589996,125.820000,126.309998,120.979965,452400
2018-09-28,126.089996,126.570000,124.550003,125.529999,120.232872,579100
2018-10-01,126.540001,126.980003,124.120003,124.430000,119.179291,452600
2018-10-02,124.000000,125.959999,123.970001,124.800003,119.533684,378500
2018-10-03,125.580002,128.570007,125.190002,127.970001,122.569901,851300
2018-10-04,126.769997,127.120003,122.519997,124.169998,118.930260,720200
2018-10-05,123.940002,124.440002,118.470001,119.459999,114.418999,748200
2018-10-08,118.040001,118.360001,114.989998,116.720001,111.794647,690500
2018-10-09,116.160004,117.739998,114.980003,116.709999,111.785065,495800
2018-10-10,115.730003,115.730003,110.139999,110.400002,105.741318,759600
2018-10-11,109.849998,113.839996,109.320000,110.889999,106.210663,632000
2018-10-12,114.169998,115.370003,112.510002,113.959999,109.151123,626400
2018-10-15,113.220001,115.419998,111.930000,113.989998,109.179832,346600
2018-10-16,114.250000,118.589996,114.010002,118.300003,113.307983,547200
2018-10-17,118.300003,119.680000,116.970001,118.870003,113.853928,523600
2018-10-18,117.919998,117.940002,114.790001,115.750000,110.865562,404400
2018-10-19,116.169998,116.989998,113.260002,114.349998,109.524643,378000
2018-10-22,114.610001,115.080002,112.919998,114.430000,109.601273,346200
2018-10-23,111.519997,115.949997,110.129997,114.949997,110.099327,489300
2018-10-24,112.620003,112.930000,104.000000,104.169998,99.774216,880900
2018-10-25,105.040001,108.779999,103.029999,108.430000,103.854454,1023300
2018-10-26,109.519997,117.330002,101.989998,112.610001,107.858070,1416900
2018-10-29,115.029999,116.529999,109.269997,111.349998,106.651237,791400
2018-10-30,111.120003,115.419998,111.059998,115.300003,110.434540,465900
2018-10-31,116.930000,119.989998,116.080002,118.120003,113.135559,568600
2018-11-01,118.949997,125.379997,118.400002,124.320000,119.073921,719300
2018-11-02,124.589996,125.589996,122.919998,124.279999,119.035622,528000
2018-11-05,124.639999,124.639999,120.139999,122.529999,117.359467,415400
2018-11-06,122.230003,124.599998,121.410004,124.220001,118.978149,236000
2018-11-07,124.309998,127.050003,123.160004,125.699997,120.395706,322100
2018-11-08,125.019997,130.880005,123.910004,129.220001,123.767128,594100
2018-11-09,127.209999,127.529999,123.669998,124.720001,119.457062,335100
2018-11-12,123.279999,123.529999,118.070000,119.320000,114.284927,504700
2018-11-13,121.000000,123.699997,120.349998,120.989998,115.884453,262800
2018-11-14,122.519997,123.660004,120.910004,122.139999,116.985916,391600
2018-11-15,120.519997,127.889999,119.980003,126.949997,121.592949,378200
2018-11-16,124.150002,127.989998,123.989998,127.830002,122.435814,395600
2018-11-19,127.169998,127.419998,120.489998,120.629997,115.539650,417500
2018-11-20,116.889999,121.949997,116.599998,120.320000,115.242729,398000
2018-11-21,122.320000,124.099998,120.839996,123.580002,118.365158,192000
2018-11-23,121.639999,125.589996,121.639999,124.330002,119.083504,89000
2018-11-26,126.440002,127.000000,124.199997,126.970001,121.612099,319400
2018-11-27,125.699997,126.830002,123.230003,123.620003,118.403481,255300
2018-11-28,124.779999,129.130005,123.190002,128.990005,123.546867,366900
2018-11-29,127.949997,131.289993,127.949997,129.389999,123.929993,434400
2018-11-30,129.529999,132.619995,127.970001,132.070007,126.496902,311100
2018-12-03,135.089996,137.860001,133.259995,134.729996,129.044647,423400
2018-12-04,134.080002,135.990005,126.639999,126.839996,121.487587,373200
2018-12-06,123.839996,125.599998,122.269997,125.540001,120.242455,425900
2018-12-07,124.989998,127.000000,120.889999,121.830002,116.689003,274100
2018-12-10,121.440002,123.570000,118.389999,120.150002,115.079903,510000
2018-12-11,122.680000,125.699997,119.029999,120.669998,115.577950,288900
2018-12-12,123.489998,125.169998,122.480003,123.650002,118.432198,206400
2018-12-13,124.750000,124.750000,120.910004,121.250000,116.133492,152600
2018-12-14,120.169998,122.139999,118.379997,118.620003,113.614449,223600
2018-12-17,118.239998,118.760002,113.379997,113.750000,108.949959,577200
2018-12-18,115.550003,120.169998,114.940002,117.879997,112.905693,416600
2018-12-19,117.830002,119.870003,112.080002,112.830002,108.068794,428900
2018-12-20,112.720001,115.220001,109.769997,112.739998,107.982574,426600
2018-12-21,114.239998,114.750000,110.199997,110.410004,105.750900,533500
2018-12-24,108.959999,111.849998,106.500000,106.620003,102.120850,183200
2018-12-26,108.269997,114.099998,107.120003,114.029999,109.218163,307200
2018-12-27,111.610001,114.139999,109.949997,114.089996,109.275620,370500
2018-12-28,114.940002,117.370003,113.559998,115.000000,110.437614,390500
2018-12-31,116.129997,116.510002,114.250000,116.250000,111.638031,256000
2019-01-02,113.220001,116.660004,112.750000,115.440002,110.860161,247300
2019-01-03,113.690002,113.690002,107.449997,108.610001,104.301132,494200
2019-01-04,110.580002,113.980003,109.320000,113.080002,108.593750,398000
2019-01-07,113.059998,117.330002,112.879997,116.050003,111.445953,392700
2019-01-08,117.320000,118.320000,115.370003,118.029999,113.347404,304100
2019-01-09,119.199997,122.680000,119.199997,121.959999,117.121506,298800
2019-01-10,120.839996,123.389999,119.860001,122.790001,117.918564,227300
2019-01-11,122.849998,126.260002,121.620003,124.169998,119.243820,312300
2019-01-14,122.349998,123.000000,119.150002,120.440002,115.661789,350800
2019-01-15,120.730003,123.389999,120.730003,122.639999,117.774490,233400
2019-01-16,123.199997,125.290001,121.239998,121.379997,116.564499,233200
2019-01-17,120.769997,123.660004,119.919998,122.599998,117.736099,247600
2019-01-18,123.769997,126.410004,122.430000,124.769997,119.820007,265700
2019-01-22,123.500000,124.230003,119.940002,120.980003,116.180367,264000
2019-01-23,121.519997,123.190002,118.129997,119.639999,114.893532,179600
2019-01-24,120.519997,127.320000,120.519997,126.800003,121.769485,322500
2019-01-25,129.539993,131.460007,127.500000,130.710007,125.524345,326300
2019-01-28,128.100006,130.630005,126.540001,128.259995,123.171555,247700
2019-01-29,128.029999,129.399994,126.230003,126.449997,121.433342,201800
2019-01-30,128.009995,129.520004,124.089996,126.760002,121.731064,406000
2019-01-31,126.540001,128.000000,125.430000,126.559998,121.538986,355000
2019-02-01,126.550003,129.850006,125.919998,129.539993,124.400764,335100
2019-02-04,129.419998,131.449997,127.860001,131.399994,126.186981,277900
2019-02-05,130.779999,132.589996,130.779999,132.460007,127.204933,283900
2019-02-06,133.470001,136.729996,133.470001,134.919998,129.567337,355800
2019-02-07,133.500000,133.779999,129.899994,131.080002,125.879662,328700
2019-02-08,129.550003,132.000000,129.190002,131.289993,126.081306,312600
2019-02-11,132.050003,132.949997,129.710007,130.669998,125.485939,520600
2019-02-12,131.360001,132.820007,129.559998,132.000000,126.763161,943800
2019-02-13,129.210007,135.509995,129.059998,134.279999,128.952713,813700
2019-02-14,133.779999,136.539993,132.889999,136.000000,130.604477,414500
2019-02-15,136.649994,138.580002,135.309998,138.479996,132.986084,340800
2019-02-19,137.429993,138.100006,136.320007,136.419998,131.007828,233100
2019-02-20,136.630005,137.470001,135.839996,136.649994,131.228683,355900
2019-02-21,136.899994,137.089996,134.460007,135.289993,129.922638,309400
2019-02-22,136.240005,137.050003,135.179993,136.559998,131.142303,333100
2019-02-25,138.000000,139.179993,137.199997,137.539993,132.083344,272700
2019-02-26,137.300003,137.779999,136.410004,136.649994,131.228683,236200
2019-02-27,135.960007,136.029999,133.000000,134.929993,129.576950,471500
2019-02-28,133.940002,135.570007,133.550003,134.110001,128.789474,223600
2019-03-01,135.490005,136.580002,134.220001,136.179993,130.777328,201200
2019-03-04,137.199997,137.770004,134.809998,136.500000,131.084656,233600
2019-03-05,136.740005,138.179993,135.580002,137.100006,131.660873,250800
2019-03-06,137.250000,137.250000,134.470001,134.929993,129.576950,168800
2019-03-07,134.320007,135.119995,132.190002,134.100006,128.779877,219400
2019-03-08,132.220001,134.509995,132.179993,134.300003,128.971939,120900
2019-03-11,134.669998,138.160004,127.669998,137.500000,132.044952,188400
2019-03-12,137.729996,138.649994,135.809998,137.690002,132.227432,161800
2019-03-13,138.669998,140.369995,137.130005,138.690002,133.187805,290200
2019-03-14,138.479996,139.289993,137.630005,137.949997,132.477127,195700
2019-03-15,138.889999,142.000000,138.889999,141.100006,135.502167,392900
2019-03-18,141.110001,141.869995,139.289993,140.919998,135.329285,220800
2019-03-19,141.630005,142.270004,140.699997,141.520004,135.905518,200100
2019-03-20,142.070007,142.449997,139.720001,140.529999,134.954758,147400
2019-03-21,140.130005,145.690002,140.110001,145.009995,139.257034,228300
2019-03-22,143.869995,144.000000,139.610001,139.669998,134.128876,267400
2019-03-25,139.550003,139.789993,136.509995,138.619995,133.120529,176900
2019-03-26,140.419998,141.229996,138.839996,140.259995,134.695465,161600
2019-03-27,139.610001,141.080002,134.160004,135.410004,130.037872,375600
2019-03-28,135.429993,136.649994,133.539993,134.289993,129.344406,317100
2019-03-29,135.850006,136.699997,134.610001,135.490005,130.500229,285900
2019-04-01,136.949997,140.429993,136.320007,140.339996,135.171600,224400
2019-04-02,140.309998,140.750000,137.970001,138.440002,133.341599,381500
2019-04-03,139.720001,145.490005,139.460007,144.779999,139.448090,419100
2019-04-04,144.509995,145.369995,142.880005,143.740005,138.446381,229400
2019-04-05,144.479996,145.800003,143.960007,144.619995,139.293991,363100
2019-04-08,144.389999,145.910004,142.949997,145.830002,140.459412,235500
2019-04-09,145.699997,147.520004,144.750000,146.059998,140.680923,325600
2019-04-10,146.100006,149.250000,145.710007,148.850006,143.368195,252400
2019-04-11,148.729996,150.369995,147.539993,148.860001,143.377823,293900
2019-04-12,150.380005,152.360001,149.869995,152.240005,146.633347,282300
2019-04-15,152.139999,153.539993,150.259995,151.570007,145.988022,198100
2019-04-16,152.020004,156.399994,151.809998,154.800003,149.099091,345700
2019-04-17,155.789993,161.220001,153.199997,155.089996,149.378372,253700
2019-04-18,155.250000,156.600006,153.750000,153.910004,148.241867,223900
2019-04-22,152.889999,154.339996,151.350006,153.350006,147.702484,147200
2019-04-23,153.360001,155.720001,153.360001,154.699997,149.002731,192500
2019-04-24,155.149994,158.520004,155.020004,157.529999,151.728516,203900
2019-04-25,156.929993,156.929993,152.850006,155.740005,150.004471,209600
2019-04-26,154.460007,155.240005,150.410004,154.979996,149.272446,385800
2019-04-29,154.250000,156.529999,152.550003,154.199997,148.521194,204800
2019-04-30,154.309998,155.929993,153.589996,155.710007,149.975601,379500
2019-05-01,156.960007,157.520004,154.210007,154.399994,148.713806,227300
2019-05-02,154.330002,157.000000,152.750000,156.169998,150.418640,389000
2019-05-03,145.320007,148.360001,140.000000,144.970001,139.631104,957600
2019-05-06,135.889999,142.619995,135.869995,141.210007,136.009583,473200
2019-05-07,139.479996,140.630005,136.970001,138.419998,133.322296,296400
2019-05-08,137.139999,139.509995,135.880005,137.250000,132.195389,271800
2019-05-09,135.110001,137.350006,132.589996,136.729996,131.694534,331900
2019-05-10,135.399994,136.960007,132.820007,136.149994,131.135941,344100
2019-05-13,131.399994,133.789993,125.680000,126.519997,121.860550,493000
2019-05-14,128.380005,130.419998,127.000000,128.330002,123.603897,305300
2019-05-15,127.040001,130.119995,125.910004,129.169998,124.412956,182200
2019-05-16,129.149994,130.479996,126.570000,128.750000,124.008430,382600
2019-05-17,126.970001,128.830002,123.949997,124.699997,120.107582,303700
2019-05-20,121.800003,123.730003,120.320000,121.250000,116.784653,360100
2019-05-21,122.570000,124.379997,122.220001,122.980003,118.450935,358600
2019-05-22,121.930000,123.720001,121.309998,121.309998,116.842415,175400
2019-05-23,119.320000,119.540001,117.019997,118.760002,114.386337,306900
2019-05-24,119.730003,120.919998,119.050003,119.339996,114.944954,161500
2019-05-28,119.440002,120.050003,116.699997,116.760002,112.459991,294600
2019-05-29,116.040001,118.190002,114.839996,117.510002,113.182373,279700
2019-05-30,116.260002,119.930000,116.260002,118.419998,114.058853,298500
2019-05-31,116.519997,119.050003,116.220001,116.449997,112.161415,210700
2019-06-03,117.250000,120.419998,117.110001,119.160004,114.771614,483800
2019-06-04,123.970001,125.169998,120.160004,125.129997,120.521744,419600
2019-06-05,126.379997,126.690002,123.349998,125.730003,121.099663,275000
2019-06-06,125.440002,125.550003,122.389999,123.639999,119.086639,205100
2019-06-07,124.360001,125.230003,123.110001,125.089996,120.483223,229600
2019-06-10,126.239998,131.990005,125.949997,130.580002,125.771049,412000
2019-06-11,132.449997,133.309998,129.720001,131.169998,126.339317,272300
2019-06-12,130.289993,130.289993,127.430000,127.550003,122.852623,203600
2019-06-13,128.300003,130.089996,128.270004,129.949997,125.164223,208500
2019-06-14,125.820000,128.229996,125.820000,126.410004,121.754608,358500
2019-06-17,126.750000,127.570000,126.050003,126.089996,121.446404,200900
2019-06-18,127.389999,132.070007,126.459999,130.470001,125.665070,368100
2019-06-19,131.440002,131.440002,127.910004,128.339996,123.613510,283700
2019-06-20,131.309998,131.850006,129.389999,130.320007,125.520607,186800
2019-06-21,129.889999,130.449997,128.490005,128.830002,124.085487,410800
2019-06-24,129.460007,129.649994,127.230003,127.500000,122.804466,256700
2019-06-25,127.510002,128.630005,124.180000,124.250000,119.674164,352300
2019-06-26,126.750000,130.039993,126.080002,128.759995,124.018059,535600
2019-06-27,129.399994,133.419998,129.300003,132.820007,128.327164,459000
2019-06-28,133.600006,137.589996,132.610001,135.779999,131.187073,757400
2019-07-01,139.690002,143.960007,137.289993,138.720001,134.027603,506100
2019-07-02,138.559998,138.559998,135.550003,136.440002,131.824738,317900
2019-07-03,136.669998,137.460007,134.259995,136.259995,131.650818,635800
2019-07-05,135.300003,137.279999,134.979996,137.119995,132.481720,202300
2019-07-08,135.770004,136.970001,135.190002,136.009995,131.409286,206900
2019-07-09,135.520004,138.850006,135.389999,138.740005,134.046936,216600
2019-07-10,140.130005,142.220001,139.789993,140.789993,136.027588,276300
2019-07-11,141.360001,141.979996,139.610001,140.669998,135.911652,321900
2019-07-12,141.679993,143.529999,140.619995,143.320007,138.472000,241000
2019-07-15,143.720001,144.410004,142.339996,143.809998,138.945496,181700
2019-07-16,143.710007,144.710007,141.619995,143.119995,138.278763,242300
2019-07-17,143.690002,144.779999,142.160004,142.759995,137.930984,216200
2019-07-18,142.910004,146.500000,142.910004,145.929993,140.993713,205500
2019-07-19,146.500000,146.789993,144.880005,144.949997,140.046860,272900
2019-07-22,145.759995,147.410004,143.029999,145.309998,140.394714,244100
2019-07-23,146.600006,146.929993,145.139999,146.690002,141.728027,254900
2019-07-24,147.089996,153.789993,147.080002,153.309998,148.124054,377900
2019-07-25,152.070007,152.839996,143.119995,149.919998,144.848755,211300
2019-07-26,151.350006,152.889999,150.050003,150.979996,145.872940,174900
2019-07-29,150.979996,151.119995,149.690002,150.570007,145.476807,159300
2019-07-30,149.199997,151.800003,148.490005,150.910004,145.805298,193100
2019-07-31,151.100006,152.360001,146.770004,148.160004,143.148300,517900
2019-08-01,156.990005,161.500000,147.729996,149.750000,144.684525,584800
2019-08-02,148.960007,151.160004,146.070007,146.610001,141.650726,274900
2019-08-05,141.479996,142.380005,139.000000,142.240005,137.428574,478200
2019-08-06,144.550003,146.889999,143.880005,145.250000,140.336731,234000
2019-08-07,142.750000,146.949997,142.750000,146.289993,141.341553,227100
2019-08-08,147.520004,152.649994,146.070007,152.440002,147.283554,329700
2019-08-09,150.979996,151.270004,147.830002,149.190002,144.143463,178400
2019-08-12,147.639999,148.809998,145.380005,145.380005,140.462357,215500
2019-08-13,144.490005,152.270004,144.490005,151.160004,146.046860,264800
2019-08-14,147.089996,148.990005,143.820007,143.990005,139.119339,316900
2019-08-15,145.029999,146.070007,143.990005,145.139999,140.230453,215600
2019-08-16,145.789993,151.970001,145.789993,151.369995,146.249710,287800
2019-08-19,154.000000,156.000000,153.169998,153.509995,148.317322,272000
2019-08-20,152.770004,154.179993,151.240005,152.470001,147.312515,212500
2019-08-21,153.399994,154.929993,151.949997,154.419998,149.196579,214200
2019-08-22,154.630005,156.130005,151.529999,155.369995,150.114426,170500
2019-08-23,153.320007,153.899994,147.600006,148.100006,143.090332,241400
2019-08-26,150.539993,150.539993,147.789993,148.570007,143.544449,160500
2019-08-27,150.000000,150.660004,146.380005,146.539993,141.583099,178700
2019-08-28,145.690002,147.419998,144.179993,147.020004,142.046875,303000
2019-08-29,149.729996,152.270004,149.729996,150.419998,145.331848,167300
2019-08-30,151.610001,152.149994,149.419998,150.559998,145.467117,155900
2019-09-03,149.570007,150.639999,146.050003,146.270004,141.322235,334300
2019-09-04,148.500000,149.809998,147.619995,149.720001,144.655518,164200
2019-09-05,152.600006,157.130005,152.600006,156.070007,150.790710,205800
2019-09-06,155.600006,157.139999,154.990005,156.000000,150.723129,207400
2019-09-09,156.580002,157.800003,153.520004,153.820007,148.616852,296900
2019-09-10,153.690002,154.039993,151.279999,152.910004,147.737625,283800
2019-09-11,153.679993,157.639999,152.960007,157.520004,152.191666,202100
2019-09-12,158.899994,161.839996,156.520004,161.320007,155.863159,263200
2019-09-13,162.000000,163.210007,159.949997,161.550003,156.085388,194200
2019-09-16,161.539993,161.539993,158.759995,160.300003,154.877655,179200
2019-09-17,159.899994,160.520004,157.639999,157.899994,152.558838,239700
2019-09-18,158.179993,159.179993,156.259995,158.339996,152.983948,322300
2019-09-19,159.679993,159.899994,156.080002,156.350006,151.061310,295700
2019-09-20,155.059998,156.169998,152.429993,154.270004,149.051605,539700
2019-09-23,154.690002,158.089996,153.570007,157.179993,151.863205,221400
2019-09-24,159.009995,160.639999,155.130005,157.279999,151.959808,288200
2019-09-25,156.960007,161.020004,154.720001,159.960007,154.549164,306400
2019-09-26,159.970001,161.539993,158.690002,160.220001,154.800339,216700
2019-09-27,160.669998,160.669998,155.149994,156.619995,151.700882,350300
2019-09-30,157.490005,157.490005,154.130005,155.630005,150.741959,599600
2019-10-01,157.000000,159.250000,153.169998,153.350006,148.533615,378500
2019-10-02,151.539993,151.699997,148.029999,149.929993,145.220993,459300
2019-10-03,149.610001,153.199997,146.949997,151.729996,146.964432,666100
2019-10-04,152.419998,153.309998,151.250000,152.929993,148.126755,360300
2019-10-07,152.250000,153.000000,148.839996,149.210007,144.523575,478300
2019-10-08,147.690002,147.869995,141.610001,141.809998,137.356003,518600
2019-10-09,132.940002,138.449997,131.130005,135.149994,130.905182,2067100
2019-10-10,133.899994,139.559998,133.899994,137.020004,132.716446,745300
2019-10-11,139.080002,140.889999,136.360001,138.130005,133.791595,925600
2019-10-14,138.309998,142.729996,137.869995,142.520004,138.043716,530700
2019-10-15,142.779999,144.690002,141.740005,144.610001,140.068085,368400
2019-10-16,143.729996,145.059998,141.759995,141.860001,137.404465,528400
2019-10-17,142.880005,143.889999,142.240005,142.720001,138.237442,382700
2019-10-18,141.990005,143.050003,139.929993,142.110001,137.646591,299100
2019-10-21,143.270004,145.889999,143.270004,145.399994,140.833237,355900
2019-10-22,145.320007,146.009995,142.949997,144.210007,139.680618,569600
2019-10-23,146.000000,152.460007,143.009995,150.690002,145.957108,928000
2019-10-24,151.550003,152.460007,148.639999,150.240005,145.521271,456000
2019-10-25,149.669998,153.419998,149.669998,152.330002,147.545609,403500
2019-10-28,154.050003,154.529999,153.240005,153.899994,149.066254,271500
2019-10-29,153.869995,155.190002,152.029999,152.279999,147.497162,331600
2019-10-30,153.380005,154.559998,150.020004,151.679993,146.916016,293600
2019-10-31,151.509995,151.809998,149.279999,149.919998,145.211273,236100
2019-11-01,151.100006,155.600006,150.289993,155.580002,150.693512,266700
2019-11-04,157.289993,161.520004,156.539993,161.100006,156.040146,466100
2019-11-05,161.210007,164.820007,160.479996,162.580002,157.473663,395500
2019-11-06,161.910004,161.910004,159.509995,160.149994,155.119965,455100
2019-11-07,162.610001,164.139999,161.029999,163.360001,158.229187,282200
2019-11-08,162.289993,165.080002,161.229996,165.039993,159.856384,310800
2019-11-11,163.410004,164.940002,162.419998,163.899994,158.752213,228700
2019-11-12,164.809998,166.240005,161.929993,162.550003,157.444641,263800
2019-11-13,160.619995,162.679993,159.649994,160.270004,155.236252,302800
2019-11-14,159.179993,160.410004,158.250000,160.130005,155.100616,262300
2019-11-15,161.899994,163.899994,160.779999,162.500000,157.396194,221600
2019-11-18,161.740005,162.919998,160.639999,161.130005,156.069183,317800
2019-11-19,161.839996,162.759995,160.220001,161.759995,156.679443,218100
2019-11-20,160.589996,162.350006,158.630005,159.149994,154.151398,292400
2019-11-21,158.669998,158.990005,157.119995,158.460007,153.483078,250800
2019-11-22,159.449997,159.990005,157.759995,157.979996,153.018143,183100
2019-11-25,158.830002,164.289993,158.830002,164.110001,158.955612,239000
2019-11-26,164.050003,164.589996,162.429993,162.779999,157.667374,167300
2019-11-27,163.490005,164.179993,162.419998,163.190002,158.064499,164400
2019-11-29,162.869995,164.000000,160.600006,160.679993,155.633316,90900
2019-12-02,161.649994,161.649994,157.649994,158.000000,153.037506,239500
2019-12-03,154.729996,157.639999,153.979996,157.440002,152.495087,291400
2019-12-04,159.070007,162.479996,159.070007,161.820007,156.737579,220800
2019-12-05,163.009995,163.970001,161.669998,162.309998,157.212173,183100
2019-12-06,164.720001,166.740005,161.710007,165.990005,160.776566,219500
2019-12-09,165.669998,166.360001,164.279999,164.309998,159.149292,278200
2019-12-10,164.410004,165.929993,164.410004,165.119995,159.933884,192200
2019-12-11,165.399994,169.250000,165.399994,169.050003,163.740463,216400
2019-12-12,169.740005,174.020004,168.869995,173.750000,168.292816,317400
2019-12-13,173.940002,176.130005,172.970001,174.600006,169.116135,196200
2019-12-16,176.149994,178.729996,175.410004,177.229996,171.663574,295700
2019-12-17,178.020004,178.740005,177.229996,178.649994,173.038940,227000
2019-12-18,178.289993,179.960007,177.089996,178.839996,173.222946,339400
2019-12-19,178.940002,180.229996,177.190002,179.929993,174.278732,277800
2019-12-20,180.850006,183.039993,179.619995,182.889999,177.145737,448000
2019-12-23,183.460007,183.460007,178.750000,179.070007,173.445740,466600
2019-12-24,179.809998,179.949997,177.630005,178.339996,172.738693,227100
2019-12-26,178.369995,179.179993,177.600006,179.160004,173.532944,259700
2019-12-27,178.850006,180.000000,177.210007,178.410004,172.806473,152200
2019-12-30,177.580002,178.850006,175.080002,178.389999,173.175369,165400
2019-12-31,178.059998,179.529999,177.059998,178.020004,172.816208,272000
2020-01-02,180.119995,180.869995,176.089996,180.009995,174.748016,333700
2020-01-03,176.740005,178.500000,176.119995,176.750000,171.583313,233300
2020-01-06,174.130005,175.789993,172.979996,174.940002,169.826233,339900
2020-01-07,176.029999,177.910004,174.619995,176.570007,171.408569,645300
2020-01-08,176.699997,177.589996,175.080002,176.339996,171.185303,297500
2020-01-09,177.449997,179.100006,176.869995,178.720001,173.495728,180600
2020-01-10,178.649994,179.460007,176.399994,176.869995,171.699799,275000
2020-01-13,178.179993,179.949997,177.160004,179.309998,174.068497,272400
2020-01-14,179.300003,181.000000,178.009995,178.929993,173.699570,212200
2020-01-15,179.100006,179.830002,176.679993,178.119995,172.913254,324300
2020-01-16,179.559998,180.600006,178.529999,180.339996,175.068344,388200
2020-01-17,181.570007,182.089996,179.520004,181.610001,176.301270,356100
2020-01-21,181.119995,184.029999,181.100006,182.179993,176.854553,322100
2020-01-22,183.979996,184.919998,181.220001,181.690002,176.378922,330800
2020-01-23,181.990005,183.470001,180.350006,183.029999,177.679718,393400
2020-01-24,184.000000,184.949997,182.449997,183.289993,177.932144,413900
2020-01-27,178.000000,178.460007,175.850006,176.050003,170.903763,302600
2020-01-28,178.059998,181.220001,176.779999,180.279999,175.010101,229800
2020-01-29,180.279999,180.949997,177.389999,177.500000,172.311386,229100
2020-01-30,176.529999,179.320007,175.309998,178.500000,173.282166,299700
2020-01-31,176.949997,177.740005,170.929993,171.169998,166.166382,460500
2020-02-03,172.419998,175.649994,171.210007,175.210007,170.088318,340900
2020-02-04,179.839996,182.970001,177.910004,182.619995,177.281723,284900
2020-02-05,185.279999,186.990005,182.270004,186.990005,181.523972,425000
2020-02-06,187.149994,190.880005,179.600006,181.860001,176.543961,765700
2020-02-07,180.460007,182.490005,178.809998,180.210007,174.942169,527000
2020-02-10,176.729996,184.419998,175.830002,184.190002,178.805801,247300
2020-02-11,185.000000,190.690002,184.050003,189.520004,183.980057,258900
2020-02-12,190.449997,191.979996,188.720001,190.729996,185.154648,335700
2020-02-13,188.429993,192.779999,188.210007,191.429993,185.834152,327200
2020-02-14,192.589996,193.100006,189.610001,191.190002,185.601212,321600
2020-02-18,187.809998,188.690002,183.470001,185.330002,179.912521,331300
2020-02-19,184.300003,188.940002,184.300003,187.460007,181.980240,285300
2020-02-20,186.940002,187.100006,181.779999,184.059998,178.679611,263900
2020-02-21,182.679993,182.679993,175.550003,176.630005,171.466812,318900
2020-02-24,168.470001,169.729996,165.720001,165.869995,161.021332,543200
2020-02-25,167.949997,168.300003,162.320007,164.539993,159.730194,423300
2020-02-26,165.070007,169.619995,162.649994,164.220001,159.419571,329800
2020-02-27,159.190002,161.880005,155.270004,157.220001,152.624222,364000
2020-02-28,150.970001,160.600006,150.369995,158.639999,154.002701,448100
2020-03-02,160.860001,164.570007,156.350006,164.119995,159.322525,370600
2020-03-03,165.190002,168.259995,159.119995,162.210007,157.468338,429700
2020-03-04,165.479996,171.789993,162.789993,171.539993,166.525589,277500
2020-03-05,169.369995,177.199997,166.750000,172.330002,167.292496,447500
2020-03-06,167.100006,169.889999,161.110001,166.059998,161.205795,391700
2020-03-09,151.360001,159.059998,148.220001,148.509995,144.168777,432400
2020-03-10,154.190002,163.750000,152.630005,163.619995,158.837097,582200
2020-03-11,159.860001,163.009995,152.869995,155.800003,151.245697,475800
2020-03-12,145.300003,156.809998,139.589996,145.990005,141.722488,612600
2020-03-13,155.190002,170.779999,142.440002,170.559998,165.574265,660800
2020-03-16,151.500000,159.960007,135.970001,135.970001,131.995377,703500
2020-03-17,139.250000,160.809998,136.380005,159.100006,154.449249,577100
2020-03-18,145.779999,155.089996,136.649994,141.630005,137.489929,508700
2020-03-19,141.550003,154.350006,138.440002,150.440002,146.042389,504300
2020-03-20,151.600006,156.880005,135.220001,135.220001,131.267303,636600
2020-03-23,138.399994,142.410004,130.119995,139.850006,135.761963,480800
2020-03-24,150.699997,163.169998,146.899994,162.490005,157.740158,485200
2020-03-25,162.330002,169.360001,157.050003,158.309998,153.682343,550900
2020-03-26,159.529999,174.830002,159.179993,174.779999,169.670898,541000
2020-03-27,168.100006,169.990005,161.250000,161.699997,156.973236,471400
2020-03-30,163.889999,168.509995,160.000000,165.190002,160.858643,279000
2020-03-31,163.979996,170.000000,162.139999,167.460007,163.069107,467000
2020-04-01,160.559998,168.550003,154.789993,159.419998,155.239929,454300
2020-04-02,158.860001,159.559998,152.169998,157.520004,153.389755,399800
2020-04-03,156.490005,158.539993,151.020004,153.419998,149.397247,212800
2020-04-06,160.630005,170.000000,160.279999,170.000000,165.542496,391600
2020-04-07,170.000000,176.619995,164.759995,166.850006,162.475113,580400
2020-04-08,170.460007,176.660004,168.789993,173.479996,168.931259,487800
2020-04-09,175.750000,176.820007,165.029999,167.929993,163.526794,416900
2020-04-13,167.580002,173.089996,164.250000,171.899994,167.392670,228600
2020-04-14,176.190002,184.759995,174.360001,183.880005,179.058594,311400
2020-04-15,178.970001,180.820007,177.089996,178.509995,173.829376,346500
2020-04-16,180.589996,184.940002,179.199997,183.800003,178.980698,325000
2020-04-17,185.000000,189.000000,182.699997,185.770004,180.899017,292800
2020-04-20,182.449997,186.399994,181.240005,184.229996,179.399368,191500
2020-04-21,181.490005,183.250000,173.580002,177.130005,172.485519,296700
2020-04-22,183.039993,186.940002,182.240005,184.779999,179.934967,384100
2020-04-23,184.830002,188.669998,180.649994,181.270004,176.517014,285300
2020-04-24,183.600006,186.470001,178.809998,186.039993,181.161896,254500
2020-04-27,189.250000,194.419998,187.529999,193.869995,188.786621,274500
2020-04-28,196.000000,198.860001,190.880005,191.309998,186.293777,390900
2020-04-29,198.979996,208.809998,196.500000,203.550003,198.212830,850300
2020-04-30,202.210007,203.910004,198.300003,199.910004,194.668243,320900
2020-05-01,195.399994,198.470001,187.589996,189.000000,184.044312,457800
2020-05-04,186.610001,190.479996,180.960007,189.770004,184.794098,324000
2020-05-05,194.729996,200.449997,194.000000,196.940002,191.776154,329400
2020-05-06,200.610001,203.309998,196.960007,200.750000,195.486237,303800
2020-05-07,204.199997,207.979996,200.850006,203.070007,197.745392,358500
2020-05-08,204.720001,211.809998,204.669998,211.270004,205.730392,384700
2020-05-11,209.740005,213.500000,207.369995,210.500000,204.980545,587900
2020-05-12,211.050003,219.580002,209.080002,209.500000,204.006790,429500
2020-05-13,209.539993,210.929993,197.050003,199.779999,194.541656,478900
2020-05-14,198.070007,200.990005,192.020004,200.960007,195.690735,379500
2020-05-15,196.000000,196.850006,189.440002,193.009995,187.949173,486300
2020-05-18,197.699997,206.889999,197.500000,204.820007,199.449509,398900
2020-05-19,204.300003,209.330002,201.809998,201.809998,196.518433,309900
2020-05-20,205.839996,209.720001,203.979996,209.509995,204.016510,312900
2020-05-21,207.139999,209.860001,201.550003,202.440002,197.131912,262900
2020-05-22,203.100006,203.750000,198.949997,202.179993,196.878723,263200
2020-05-26,208.289993,209.759995,204.000000,204.889999,199.517685,337600
2020-05-27,206.770004,210.539993,202.009995,209.759995,204.259979,317800
2020-05-28,210.860001,214.759995,203.729996,205.149994,199.770874,297100
2020-05-29,207.419998,210.940002,204.360001,209.750000,204.250259,286000
2020-06-01,208.440002,214.910004,207.839996,213.389999,207.794800,271800
2020-06-02,213.630005,219.740005,211.000000,219.470001,213.715378,267100
2020-06-03,221.649994,229.309998,221.619995,227.410004,221.447205,396800
2020-06-04,224.880005,229.600006,224.880005,229.080002,223.073395,338600
2020-06-05,232.529999,238.940002,232.529999,235.149994,228.984222,564900
2020-06-08,237.029999,237.029999,228.080002,229.639999,223.618713,319400
2020-06-09,226.600006,228.419998,224.169998,226.520004,220.580536,286200
2020-06-10,227.720001,232.960007,227.119995,229.850006,223.823181,250300
2020-06-11,223.210007,223.910004,210.899994,211.000000,205.467484,438500
2020-06-12,216.259995,219.000000,208.539993,214.000000,208.388809,383700
2020-06-15,209.830002,220.750000,208.570007,219.820007,214.056198,413600
2020-06-16,225.419998,229.479996,221.149994,223.399994,217.542328,349600
2020-06-17,226.089996,227.990005,222.570007,225.309998,219.402237,379600
2020-06-18,225.690002,226.970001,222.839996,223.000000,217.152847,232800
2020-06-19,225.949997,225.979996,219.039993,221.839996,216.023285,595000
2020-06-22,224.460007,226.820007,220.800003,226.660004,220.716843,315600
2020-06-23,228.979996,233.779999,225.639999,226.440002,220.502655,296900
2020-06-24,225.860001,227.350006,217.919998,219.929993,214.163330,289000
2020-06-25,221.320007,228.779999,215.929993,228.580002,222.586533,335800
2020-06-26,229.410004,231.770004,222.559998,226.250000,220.317627,657600
2020-06-29,224.589996,230.210007,223.750000,229.949997,224.416550,406400
2020-06-30,230.619995,237.460007,230.000000,237.000000,231.296921,367500
2020-07-01,236.210007,238.500000,232.490005,235.550003,229.881775,519900
2020-07-02,237.570007,240.360001,235.339996,237.130005,231.423767,265900
2020-07-06,241.990005,243.410004,239.800003,242.139999,236.313202,292600
2020-07-07,242.429993,247.880005,241.399994,244.000000,238.128433,306400
2020-07-08,246.860001,248.789993,243.729996,247.529999,241.573502,227500
2020-07-09,250.089996,251.279999,244.169998,249.479996,243.476578,432000
2020-07-10,251.460007,251.679993,245.169998,247.910004,241.944336,219400
2020-07-13,251.229996,255.690002,241.929993,242.419998,236.586487,223600
2020-07-14,241.580002,250.100006,236.740005,249.520004,243.515625,328000
2020-07-15,250.270004,251.210007,241.619995,246.720001,240.783020,290100
2020-07-16,245.070007,247.039993,242.100006,245.539993,239.631409,138300
2020-07-17,247.410004,251.279999,245.600006,249.419998,243.417984,181400
2020-07-20,249.339996,253.770004,248.729996,252.559998,246.482422,243500
2020-07-21,254.009995,254.979996,247.529999,248.710007,242.725128,275200
2020-07-22,249.529999,251.520004,246.039993,249.259995,243.261856,265300
2020-07-23,249.929993,252.300003,243.119995,245.199997,239.299561,347000
2020-07-24,243.220001,249.639999,239.080002,245.130005,239.231262,412900
2020-07-27,248.539993,254.919998,248.460007,253.889999,247.780457,304200
2020-07-28,253.539993,253.660004,247.139999,247.479996,241.524734,294500
2020-07-29,252.779999,264.290009,250.000000,263.880005,257.530090,688100
2020-07-30,261.390015,271.790009,261.390015,269.750000,263.258759,337200
2020-07-31,271.619995,271.940002,260.489990,265.010010,258.632843,352700
2020-08-03,268.679993,272.929993,267.269989,268.440002,261.980377,315700
2020-08-04,267.760010,275.839996,267.760010,275.619995,268.987549,285300
2020-08-05,277.109985,278.230011,270.750000,278.040009,271.349335,367200
2020-08-06,277.290009,282.600006,277.000000,282.500000,275.702026,273300
2020-08-07,281.929993,283.480011,273.959991,278.730011,272.022705,225500
2020-08-10,278.109985,279.179993,271.000000,272.140015,265.591309,301600
2020-08-11,269.619995,275.390015,266.790009,270.179993,263.678497,298100
2020-08-12,273.269989,280.320007,271.489990,280.000000,273.262115,221700
2020-08-13,280.000000,282.440002,277.290009,279.119995,272.403351,189300
2020-08-14,280.190002,281.820007,274.619995,275.859985,269.221741,164300
2020-08-17,279.220001,282.649994,278.329987,281.380005,274.608978,206500
2020-08-18,281.380005,282.390015,275.019989,275.399994,268.772736,253200
2020-08-19,276.209991,278.869995,273.529999,274.489990,267.884735,232300
2020-08-20,271.859985,274.869995,269.309998,270.809998,264.293274,272700
2020-08-21,270.809998,273.540009,268.299988,272.750000,266.186584,157100
2020-08-24,275.790009,275.940002,266.010010,268.109985,261.658264,268700
2020-08-25,268.670013,271.839996,268.670013,271.570007,265.034973,230400
2020-08-26,272.109985,272.720001,266.850006,269.549988,263.063538,226000
2020-08-27,270.250000,270.250000,262.579987,264.010010,257.656921,312100
2020-08-28,264.119995,269.799988,264.119995,269.459991,262.975739,172900
2020-08-31,269.720001,273.279999,266.049988,267.130005,260.701813,322600
2020-09-01,268.000000,272.839996,262.589996,272.619995,266.059723,464200
2020-09-02,276.320007,284.500000,273.040009,282.850006,276.043579,291000
2020-09-03,278.350006,278.350006,261.049988,263.089996,256.759064,382400
2020-09-04,263.220001,265.640015,246.039993,255.809998,249.654251,381600
2020-09-08,246.020004,252.960007,241.940002,242.630005,236.791428,344300
2020-09-09,248.119995,249.330002,243.970001,246.559998,240.626862,444700
2020-09-10,248.500000,249.860001,241.919998,243.190002,237.337952,295500
2020-09-11,242.460007,245.479996,235.619995,237.029999,231.326157,396400
2020-09-14,242.779999,248.429993,242.380005,247.600006,241.641815,253500
2020-09-15,257.179993,269.130005,252.000000,258.670013,252.445496,536300
2020-09-16,260.829987,261.769989,249.289993,250.240005,244.218262,302000
2020-09-17,244.029999,253.149994,244.029999,252.110001,246.043289,258200
2020-09-18,254.130005,255.229996,245.770004,253.940002,247.829254,635800
2020-09-21,248.779999,257.149994,247.869995,255.970001,249.810410,373700
2020-09-22,257.989990,259.730011,251.509995,259.480011,253.235947,407300
2020-09-23,258.429993,258.760010,250.740005,252.059998,245.994461,196100
2020-09-24,250.009995,261.410004,250.009995,259.589996,253.343262,276300
2020-09-25,259.579987,265.910004,255.100006,265.179993,258.798859,242900
2020-09-28,272.089996,275.339996,269.290009,274.880005,268.265350,344600
2020-09-29,273.279999,279.220001,273.279999,276.609985,270.445618,189300
2020-09-30,275.459991,282.880005,275.459991,279.609985,273.378723,263300
2020-10-01,280.850006,285.329987,278.170013,280.339996,274.092499,348900
2020-10-02,274.730011,277.450012,271.730011,272.369995,266.300140,254100
2020-10-05,274.839996,282.760010,273.690002,282.500000,276.204407,372400
2020-10-06,281.589996,292.100006,281.589996,286.510010,280.125061,357300
2020-10-07,292.820007,298.829987,289.480011,298.320007,291.671844,347300
2020-10-08,299.000000,303.690002,297.329987,303.000000,296.247559,204100
2020-10-09,305.700012,317.970001,305.700012,315.459991,308.429840,397400
2020-10-12,319.640015,322.739990,314.190002,316.200012,309.153412,311400
2020-10-13,315.869995,320.070007,314.429993,315.480011,308.449402,265700
2020-10-14,315.480011,317.839996,312.799988,314.390015,307.383698,333500
2020-10-15,309.179993,322.869995,306.100006,320.929993,313.777954,272100
2020-10-16,324.140015,325.179993,314.010010,315.209991,308.185455,259800
2020-10-19,317.739990,322.750000,310.980011,312.410004,305.447815,384700
2020-10-20,313.529999,318.529999,313.119995,315.920013,308.879639,237800
2020-10-21,317.230011,318.730011,310.829987,311.179993,304.245239,255700
2020-10-22,311.880005,318.269989,309.779999,314.829987,307.813843,252300
2020-10-23,316.369995,321.750000,314.160004,321.450012,314.286377,233800
2020-10-26,317.899994,324.440002,310.559998,316.950012,309.886719,241600
2020-10-27,319.339996,321.679993,316.239990,319.880005,312.751404,260600
2020-10-28,313.540009,319.500000,303.549988,303.760010,296.990540,298000
2020-10-29,304.700012,324.380005,304.700012,318.630005,311.529175,450700
2020-10-30,307.619995,320.290009,302.880005,319.600006,312.477570,561900
2020-11-02,325.839996,326.910004,313.049988,315.260010,308.234344,342800
2020-11-03,319.799988,322.480011,313.329987,314.390015,307.383698,391200
2020-11-04,319.489990,338.920013,318.269989,335.859985,328.375183,667200
2020-11-05,342.250000,357.470001,338.260010,356.600006,348.653015,729100
2020-11-06,356.299988,358.690002,347.190002,357.179993,349.220062,285500
2020-11-09,356.799988,358.290009,316.010010,316.839996,309.779114,826700
2020-11-10,314.559998,319.940002,302.489990,309.760010,302.856903,567700
2020-11-11,313.529999,322.000000,313.350006,317.440002,310.365784,599700
2020-11-12,318.779999,319.579987,309.450012,310.750000,303.824829,309600
2020-11-13,314.920013,317.600006,303.239990,306.950012,300.109497,368100
2020-11-16,304.859985,307.339996,296.209991,306.000000,299.180725,489600
2020-11-17,306.130005,306.649994,300.000000,302.850006,296.100861,298400
2020-11-18,302.690002,307.130005,299.829987,300.109985,293.421906,230800
2020-11-19,301.100006,313.929993,300.450012,312.320007,305.359802,416500
2020-11-20,313.209991,320.209991,309.690002,315.730011,308.693878,292100
2020-11-23,317.359985,322.200012,309.809998,318.899994,311.793182,382100
2020-11-24,318.420013,319.399994,301.390015,304.690002,297.899902,763400
2020-11-25,309.880005,310.799988,300.549988,306.420013,299.591309,696100
2020-11-27,313.209991,329.519989,309.869995,328.140015,320.827332,468000
2020-11-30,330.869995,330.869995,309.000000,319.959991,312.829590,2944700
2020-12-01,322.190002,327.779999,317.899994,319.799988,312.673157,391800
2020-12-02,319.079987,326.940002,313.959991,320.829987,313.680206,377500
2020-12-03,319.230011,327.380005,315.019989,324.140015,316.916443,242900
2020-12-04,323.399994,333.589996,320.440002,321.380005,314.217926,664500
2020-12-07,321.600006,324.600006,319.549988,322.440002,315.254333,487400
2020-12-08,321.880005,325.339996,317.959991,323.489990,316.280914,371700
2020-12-09,321.450012,322.660004,305.850006,308.609985,301.732513,467200
2020-12-10,307.390015,313.459991,305.859985,307.269989,300.422363,615700
2020-12-11,306.359985,313.750000,303.600006,306.570007,299.737946,656800
2020-12-14,310.959991,320.910004,310.500000,319.459991,312.340698,685100
2020-12-15,322.459991,332.579987,320.010010,331.559998,324.171082,918700
2020-12-16,333.600006,334.040009,325.070007,332.029999,324.630554,686600
2020-12-17,334.440002,345.649994,334.200012,341.470001,333.860168,431500
2020-12-18,345.070007,351.170013,340.470001,348.230011,340.469604,912200
2020-12-21,343.440002,349.609985,343.089996,346.570007,338.846558,514700
2020-12-22,347.470001,355.570007,347.130005,354.059998,346.169617,570600
2020-12-23,355.970001,361.880005,351.269989,353.890015,346.003479,431200
2020-12-24,356.829987,358.609985,351.369995,357.070007,349.112610,124100
2020-12-28,362.779999,365.029999,355.880005,360.459991,352.427063,272700
2020-12-29,361.559998,364.519989,348.399994,352.190002,344.341339,305700
2020-12-30,355.190002,362.640015,355.190002,360.730011,353.192413,225600
2020-12-31,363.380005,367.049988,358.959991,366.230011,358.577545,277200
2021-01-04,371.899994,381.779999,361.230011,364.820007,357.196960,514000
2021-01-05,361.540009,371.410004,361.540009,370.559998,362.817017,355800
2021-01-06,363.200012,377.989990,356.899994,358.600006,351.106934,632700
2021-01-07,365.410004,382.220001,364.200012,381.250000,373.283630,348100
2021-01-08,386.970001,392.739990,382.540009,387.410004,379.314941,413100
2021-01-11,384.429993,396.089996,382.500000,392.459991,384.259399,523500
2021-01-12,397.390015,397.390015,386.089996,391.519989,383.339050,330900
2021-01-13,391.239990,396.190002,387.809998,388.220001,380.108032,216200
2021-01-14,389.929993,393.690002,385.119995,386.200012,378.130219,278000
2021-01-15,386.799988,387.079987,375.329987,379.230011,371.305847,477000
2021-01-19,386.279999,395.250000,383.269989,391.320007,383.143188,416200
2021-01-20,396.329987,401.170013,394.269989,396.420013,388.136688,282100
2021-01-21,401.000000,404.309998,395.019989,403.179993,394.755371,208000
2021-01-22,398.799988,406.329987,393.579987,396.910004,388.616394,164400
2021-01-25,405.309998,406.750000,383.489990,391.320007,383.143188,195600
2021-01-26,391.250000,391.720001,380.989990,383.250000,375.241821,266100
2021-01-27,375.019989,377.290009,351.000000,351.750000,344.400116,524000
2021-01-28,361.239990,372.250000,354.779999,367.980011,360.290924,373600
2021-01-29,376.670013,376.670013,354.980011,355.290009,347.866058,435000
2021-02-01,363.480011,368.700012,358.739990,367.929993,360.242004,283100
2021-02-02,374.480011,378.260010,368.000000,374.570007,366.743256,289900
2021-02-03,375.540009,379.500000,363.929993,366.019989,358.371887,356100
2021-02-04,369.209991,372.769989,360.670013,367.600006,359.918884,510200
2021-02-05,388.100006,392.489990,357.000000,359.510010,351.997986,775500
2021-02-08,364.000000,370.390015,358.899994,368.619995,360.917511,549900
2021-02-09,367.070007,382.839996,365.010010,379.160004,371.237335,1092200
2021-02-10,379.970001,383.709991,370.570007,373.739990,365.930603,657100
2021-02-11,379.829987,386.000000,371.019989,384.670013,376.632202,10003300
2021-02-12,384.489990,388.850006,377.309998,385.920013,377.856049,421900
2021-02-16,387.739990,398.890015,386.350006,387.959991,379.853485,492500
2021-02-17,384.959991,384.959991,371.850006,380.279999,372.333923,385400
2021-02-18,375.739990,377.739990,367.450012,375.880005,368.025879,317000
2021-02-19,379.929993,394.500000,378.160004,393.750000,385.522522,470600
2021-02-22,384.140015,388.970001,370.649994,372.660004,364.873169,506400
2021-02-23,359.100006,376.000000,351.649994,371.660004,363.894073,531200
2021-02-24,370.309998,388.420013,363.989990,387.859985,379.755493,438900
2021-02-25,381.709991,386.239990,360.679993,362.589996,355.013550,377600
2021-02-26,368.410004,377.239990,364.140015,374.519989,366.694275,448300
2021-03-01,380.950012,391.769989,379.029999,389.049988,380.920624,444900
2021-03-02,390.440002,390.440002,369.290009,370.579987,362.836548,354700
2021-03-03,370.290009,373.380005,354.410004,354.809998,347.396179,367500
2021-03-04,350.549988,352.140015,325.959991,327.970001,321.116943,808800
2021-03-05,334.359985,338.470001,309.119995,332.910004,325.953766,659100
2021-03-08,330.049988,333.649994,301.510010,302.049988,295.738495,723000
2021-03-09,314.829987,334.019989,313.130005,323.859985,317.092804,1054600
2021-03-10,330.640015,334.359985,322.739990,323.410004,316.652283,572200
2021-03-11,339.640015,344.730011,336.170013,337.600006,330.545746,571100
2021-03-12,330.579987,333.290009,325.040009,331.000000,324.083649,426800
2021-03-15,332.489990,342.279999,330.489990,341.640015,334.501343,340700
2021-03-16,347.440002,351.910004,340.369995,342.649994,335.490173,262400
2021-03-17,335.470001,356.739990,330.799988,352.200012,344.840668,694000
2021-03-18,345.200012,350.459991,335.589996,335.760010,328.744110,506700
2021-03-19,342.510010,349.790009,336.839996,343.179993,336.009125,1149900
2021-03-22,347.649994,355.920013,343.769989,348.239990,340.963379,410200
2021-03-23,348.339996,349.899994,333.500000,336.700012,329.664581,446900
2021-03-24,338.730011,338.950012,330.869995,330.989990,324.073883,255000
2021-03-25,326.660004,332.899994,317.959991,331.579987,324.651520,271300
2021-03-26,317.339996,351.190002,317.339996,350.970001,343.636353,386900
2021-03-29,350.339996,350.839996,336.000000,340.540009,333.424316,536800
2021-03-30,338.000000,344.829987,333.920013,342.589996,336.023499,360500
2021-03-31,345.450012,357.109985,345.450012,353.209991,346.439972,428000
2021-04-01,358.790009,368.040009,357.630005,367.519989,360.475677,507600
2021-04-05,373.869995,378.950012,367.850006,378.079987,370.833252,378000
2021-04-06,376.600006,383.140015,372.459991,374.540009,367.361115,486500
2021-04-07,371.450012,378.679993,370.589996,373.119995,365.968353,314900
2021-04-08,379.209991,383.190002,374.190002,378.369995,371.117737,352800
2021-04-09,374.529999,377.980011,368.290009,376.869995,369.646454,293500
2021-04-12,375.410004,377.500000,367.589996,373.920013,366.752991,283100
2021-04-13,374.970001,379.230011,371.299988,376.519989,369.303162,192700
2021-04-14,375.000000,383.000000,369.100006,369.920013,362.829712,251900
2021-04-15,374.640015,383.640015,374.320007,381.570007,374.256378,237000
2021-04-16,382.119995,386.519989,375.380005,378.619995,371.362915,322000
2021-04-19,377.029999,379.209991,362.760010,369.600006,362.515808,238900
2021-04-20,370.589996,371.399994,361.940002,364.279999,357.297791,266600
2021-04-21,362.850006,377.869995,362.119995,377.570007,370.333099,234900
2021-04-22,376.839996,379.899994,369.670013,372.179993,365.046417,237200
2021-04-23,379.130005,387.130005,377.250000,380.790009,373.491333,416200
2021-04-26,380.290009,391.100006,379.339996,389.529999,382.063782,277900
2021-04-27,393.899994,395.890015,383.350006,385.000000,377.620636,195100
2021-04-28,382.190002,382.190002,375.429993,377.519989,370.283936,257600
2021-04-29,381.579987,384.839996,368.160004,371.109985,363.996887,290600
2021-04-30,365.320007,372.239990,358.820007,361.380005,354.453339,327700
2021-05-03,362.250000,365.390015,349.339996,350.279999,343.566101,541400
2021-05-04,343.579987,345.459991,330.279999,334.119995,327.715820,494900
2021-05-05,345.000000,349.290009,336.619995,337.820007,331.344910,510000
2021-05-06,333.040009,335.359985,326.309998,333.380005,326.990051,355800
2021-05-07,339.790009,344.380005,336.149994,342.790009,336.219696,295500
2021-05-10,337.160004,340.859985,319.619995,321.859985,315.690857,486300
2021-05-11,314.100006,325.230011,310.010010,320.410004,314.268646,611400
2021-05-12,314.459991,316.750000,305.519989,306.100006,300.232941,429900
2021-05-13,312.600006,320.350006,303.940002,306.329987,300.458527,518000
2021-05-14,310.609985,319.489990,309.320007,316.519989,310.453186,462200
2021-05-17,311.910004,314.809998,305.790009,312.299988,306.314087,382100
2021-05-18,315.279999,318.769989,309.230011,309.399994,303.469635,326800
2021-05-19,303.000000,321.179993,301.529999,319.799988,313.670319,428200
2021-05-20,323.600006,334.179993,320.010010,331.970001,325.607056,398000
2021-05-21,332.660004,334.269989,322.350006,324.440002,318.221375,425500
2021-05-24,326.390015,332.000000,326.390015,329.899994,323.576752,261300
2021-05-25,332.000000,334.790009,329.350006,331.350006,324.998962,255100
2021-05-26,333.679993,339.649994,331.690002,339.029999,332.531769,420200
2021-05-27,336.109985,346.200012,334.209991,342.570007,336.003876,478900
2021-05-28,345.220001,346.869995,341.970001,343.119995,336.543365,251700
2021-06-01,345.450012,350.910004,339.299988,342.440002,335.876343,278800
2021-06-02,342.559998,345.660004,339.410004,343.630005,337.043579,365100
2021-06-03,339.380005,342.119995,333.440002,335.940002,329.500946,335700
2021-06-04,339.000000,347.510010,339.000000,347.029999,340.378387,267700
2021-06-07,343.049988,344.850006,339.760010,342.640015,336.072601,225700
2021-06-08,347.279999,347.609985,336.029999,338.660004,332.168884,222100
2021-06-09,340.950012,344.980011,337.119995,340.510010,333.983307,184800
2021-06-10,341.299988,345.529999,339.230011,343.399994,336.817963,233500
2021-06-11,344.869995,347.660004,340.929993,347.160004,340.505951,220700
2021-06-14,348.179993,353.040009,345.529999,351.790009,345.047211,254500
2021-06-15,350.140015,352.070007,344.600006,345.410004,338.789459,197400
2021-06-16,345.399994,348.890015,340.470001,343.679993,337.092590,280400
2021-06-17,342.899994,358.929993,342.899994,356.079987,349.254974,367900
2021-06-18,352.769989,357.130005,350.070007,353.959991,347.175568,625900
2021-06-21,353.170013,355.309998,349.429993,354.109985,347.322632,236800
2021-06-22,353.720001,355.239990,349.549988,353.720001,346.940186,213500
2021-06-23,353.730011,355.029999,349.779999,350.079987,343.369934,490700
2021-06-24,353.570007,360.209991,352.309998,359.350006,352.462280,198400
2021-06-25,362.160004,367.619995,358.859985,365.679993,358.670898,518800
2021-06-28,367.649994,377.600006,367.649994,374.480011,367.302277,298700
2021-06-29,373.850006,378.700012,369.709991,377.399994,370.760345,239400
2021-06-30,377.130005,378.600006,371.739990,373.450012,366.879883,234100
2021-07-01,376.220001,376.220001,368.130005,370.179993,363.667419,376600
2021-07-02,374.040009,376.660004,371.730011,376.309998,369.689484,223400
2021-07-06,376.429993,384.149994,375.079987,383.459991,376.713745,541300
2021-07-07,387.269989,387.269989,371.500000,376.920013,370.288818,440300
2021-07-08,370.410004,373.440002,363.450012,373.000000,366.437775,354000
2021-07-09,373.959991,383.359985,370.209991,382.600006,375.868866,272100
2021-07-12,385.649994,387.329987,381.149994,386.950012,380.142365,340300
2021-07-13,384.670013,388.750000,381.940002,387.450012,380.633514,328700
2021-07-14,390.320007,396.320007,381.329987,382.869995,376.134125,572600
2021-07-15,382.670013,382.750000,373.559998,379.510010,372.833282,529500
2021-07-16,381.109985,384.119995,378.640015,379.459991,372.784149,852200
2021-07-19,374.279999,381.339996,370.089996,380.739990,374.041534,383600
2021-07-20,382.769989,394.350006,379.899994,392.359985,385.457123,368500
2021-07-21,392.559998,405.549988,392.399994,405.299988,398.169495,319300
2021-07-22,403.839996,407.269989,399.660004,405.000000,397.874786,311800
2021-07-23,407.130005,415.850006,404.489990,414.260010,406.971832,292400
2021-07-26,411.269989,417.309998,409.420013,412.940002,405.675018,335100
2021-07-27,411.390015,411.390015,395.489990,407.260010,400.095032,515600
2021-07-28,410.000000,432.010010,405.130005,431.000000,423.417358,581500
2021-07-29,429.220001,440.980011,427.980011,440.059998,432.317963,798500
2021-07-30,435.619995,450.980011,434.000000,449.260010,441.356110,462200
2021-08-02,451.839996,457.600006,450.459991,454.459991,446.464630,497900
2021-08-03,456.820007,460.000000,446.890015,456.540009,448.508057,286900
2021-08-04,457.850006,470.339996,457.850006,466.429993,458.223999,231300
2021-08-05,467.369995,470.739990,459.619995,463.480011,455.325897,362400
2021-08-06,458.380005,462.779999,455.529999,461.790009,453.665680,218500
2021-08-09,461.790009,464.359985,454.380005,459.769989,451.681213,203500
2021-08-10,462.940002,462.940002,452.989990,458.380005,450.315674,255600
2021-08-11,459.450012,460.769989,450.829987,459.230011,451.150726,187500
2021-08-12,456.079987,463.329987,450.410004,462.339996,454.205994,270100
2021-08-13,460.799988,468.089996,460.410004,464.850006,456.671814,168600
2021-08-16,462.100006,465.010010,454.149994,458.529999,450.463013,263900
2021-08-17,453.839996,455.350006,443.309998,452.670013,444.706177,332400
2021-08-18,452.820007,462.959991,449.000000,457.910004,449.853973,336400
2021-08-19,453.160004,472.339996,452.510010,467.220001,459.000153,274800
2021-08-20,469.239990,477.630005,467.570007,476.170013,467.792664,356500
2021-08-23,478.369995,486.670013,478.149994,485.179993,476.644135,388300
2021-08-24,487.160004,491.329987,484.519989,485.329987,476.791534,240200
2021-08-25,485.109985,490.980011,476.660004,483.269989,474.767700,353700
2021-08-26,482.600006,490.790009,481.140015,487.220001,478.648254,394700
2021-08-27,486.910004,496.809998,484.929993,494.959991,486.252136,280100
2021-08-30,498.459991,504.549988,492.579987,502.940002,494.091736,233900
2021-08-31,504.109985,504.109985,492.890015,494.929993,486.222656,390200
2021-09-01,498.510010,501.549988,494.170013,496.089996,487.362183,256200
2021-09-02,499.899994,504.029999,496.989990,498.019989,489.258240,297200
2021-09-03,497.820007,503.779999,496.549988,502.130005,493.295959,244000
2021-09-07,501.130005,505.820007,495.679993,497.359985,488.609894,308900
2021-09-08,495.459991,496.510010,488.950012,492.059998,483.403107,279400
2021-09-09,492.750000,495.279999,487.679993,488.329987,479.738708,438500
2021-09-10,493.989990,505.140015,490.190002,494.019989,485.328644,304700
2021-09-13,497.130005,497.549988,482.470001,489.380005,480.770264,300400
2021-09-14,491.880005,497.130005,486.820007,495.459991,486.743286,283800
2021-09-15,495.630005,497.440002,489.929993,495.989990,487.263977,392900
2021-09-16,491.079987,500.760010,490.619995,498.829987,490.054016,411800
2021-09-17,496.089996,503.459991,488.640015,497.519989,488.767029,811300
2021-09-20,487.040009,489.950012,480.170013,488.619995,480.023621,500200
2021-09-21,492.209991,495.950012,485.570007,492.670013,484.002380,328300
2021-09-22,495.790009,508.480011,493.230011,507.929993,498.993927,339300
2021-09-23,507.929993,521.669983,504.209991,517.750000,508.641083,374400
2021-09-24,518.599976,521.400024,512.210022,517.919983,508.808167,201300
2021-09-27,513.099976,516.130005,505.420013,509.140015,500.182587,181000
2021-09-28,498.700012,500.549988,487.470001,490.190002,481.566040,374900
2021-09-29,492.510010,497.010010,482.609985,484.609985,476.667664,340300
2021-09-30,491.359985,494.079987,483.950012,484.679993,476.736450,365500
2021-10-01,487.230011,490.119995,467.690002,483.079987,475.162781,383800
2021-10-04,480.000000,482.790009,461.220001,464.010010,456.405304,397700
2021-10-05,468.540009,470.989990,461.540009,469.510010,461.815125,586700
2021-10-06,463.850006,469.700012,460.239990,466.820007,459.169189,249500
2021-10-07,472.869995,479.019989,471.850006,472.200012,464.460999,221900
2021-10-08,473.179993,476.049988,467.299988,468.720001,461.038086,260200
2021-10-11,465.269989,472.959991,460.179993,460.829987,453.277313,186800
2021-10-12,464.859985,466.230011,459.109985,461.690002,454.123260,243600
2021-10-13,467.320007,469.470001,461.700012,465.970001,458.333160,248700
2021-10-14,472.859985,480.130005,472.859985,480.059998,472.192169,222800
2021-10-15,483.049988,487.739990,480.359985,481.040009,473.156158,231500
2021-10-18,479.149994,493.440002,478.100006,490.320007,482.284058,274700
2021-10-19,492.100006,497.209991,490.779999,496.070007,487.939819,172300
2021-10-20,494.989990,501.649994,494.510010,500.970001,492.759521,212500
2021-10-21,501.119995,517.780029,500.459991,517.500000,509.018616,265500
2021-10-22,519.469971,526.090027,510.809998,510.950012,502.575958,316900
2021-10-25,512.630005,525.929993,509.230011,522.809998,514.241638,227700
2021-10-26,523.700012,529.479980,520.260010,523.320007,514.743225,182000
2021-10-27,521.500000,532.409973,520.489990,525.000000,516.395691,301000
2021-10-28,528.929993,551.500000,521.099976,549.710022,540.700623,432100
2021-10-29,512.359985,527.150024,500.059998,525.460022,516.848145,626700
2021-11-01,527.299988,534.989990,518.659973,529.280029,520.605530,394500
2021-11-02,529.270020,536.599976,521.080017,535.979980,527.195740,318300
2021-11-03,539.000000,541.250000,530.780029,539.059998,530.225220,266200
2021-11-04,542.549988,547.530029,529.520020,535.070007,526.300598,700900
2021-11-05,540.000000,549.359985,535.000000,546.280029,537.327026,373900
2021-11-08,550.859985,556.679993,544.390015,548.349976,539.362976,244900
2021-11-09,549.919983,554.659973,540.030029,553.469971,544.399109,297000
2021-11-10,547.359985,552.380005,533.000000,537.599976,528.789124,209800
2021-11-11,543.729980,555.799988,540.330017,554.590027,545.500732,193300
2021-11-12,556.000000,563.289978,546.669983,561.770020,552.563049,248300
2021-11-15,565.000000,565.000000,556.140015,562.960022,553.733521,197500
2021-11-16,561.320007,576.700012,560.250000,575.969971,566.530212,222600
2021-11-17,576.190002,576.190002,561.159973,563.549988,554.313843,244000
2021-11-18,568.450012,569.070007,557.020020,560.950012,551.756531,223400
2021-11-19,560.489990,572.919983,559.830017,570.590027,561.238464,267900
2021-11-22,572.309998,580.000000,557.289978,557.859985,548.717102,239500
2021-11-23,564.030029,564.030029,539.239990,545.840027,536.894165,303700
2021-11-24,538.349976,552.919983,531.359985,552.580017,543.523621,269800
2021-11-26,545.559998,556.340027,530.750000,535.020020,526.251404,195100
2021-11-29,544.809998,566.299988,542.309998,564.320007,555.071289,294000
2021-11-30,562.400024,562.489990,542.929993,553.460022,544.389282,397400
2021-12-01,563.349976,573.599976,554.000000,555.200012,546.100769,303200
2021-12-02,552.770020,562.039978,546.989990,554.460022,545.372864,264800
2021-12-03,559.179993,564.840027,534.280029,544.619995,535.694092,200900
2021-12-06,544.969971,544.969971,497.429993,510.220001,501.857941,591000
2021-12-07,523.340027,541.679993,522.880005,538.780029,529.949890,392500
2021-12-08,535.700012,544.200012,528.270020,539.010010,530.176086,227000
2021-12-09,536.830017,548.489990,513.270020,515.590027,507.140015,452000
2021-12-10,523.020020,530.690002,498.750000,503.410004,495.159515,505400
2021-12-13,508.209991,513.099976,479.739990,480.010010,472.143036,695500
2021-12-14,478.059998,482.320007,468.209991,477.920013,470.087311,514700
2021-12-15,480.399994,491.290009,466.230011,490.399994,482.362701,525300
2021-12-16,491.559998,495.309998,470.649994,475.500000,467.706970,432900
2021-12-17,478.279999,490.350006,470.809998,482.989990,475.074158,736000
2021-12-20,474.350006,483.820007,471.640015,477.480011,469.654480,398500
2021-12-21,484.700012,487.950012,474.660004,485.450012,477.493896,260300
2021-12-22,484.660004,494.279999,483.549988,492.799988,484.723389,208000
2021-12-23,492.000000,495.829987,491.609985,495.600006,487.477509,236000
2021-12-27,499.959991,513.479980,499.359985,511.089996,502.713715,194500
2021-12-28,513.650024,513.650024,497.549988,498.079987,489.916870,157800
2021-12-29,498.820007,503.130005,496.230011,498.320007,490.152924,147600
2021-12-30,500.489990,500.910004,490.459991,491.500000,484.027588,175100
2021-12-31,491.850006,498.029999,490.609985,493.329987,485.829681,166300
2022-01-03,491.790009,497.000000,486.000000,494.850006,487.326630,300800
2022-01-04,499.250000,504.170013,475.190002,491.250000,483.781342,328400
2022-01-05,487.440002,488.839996,460.410004,460.529999,453.528381,473700
2022-01-06,460.429993,468.670013,449.410004,465.609985,458.531097,387700
2022-01-07,464.450012,469.809998,444.190002,444.690002,437.929230,411200
2022-01-10,438.000000,450.290009,426.179993,449.329987,442.498627,441300
2022-01-11,452.440002,454.709991,437.980011,452.510010,445.630310,448100
2022-01-12,457.959991,463.730011,444.970001,448.910004,442.085052,359600
2022-01-13,453.230011,455.739990,433.019989,433.609985,427.017609,309600
2022-01-14,428.049988,440.000000,427.220001,438.179993,431.518188,462500
2022-01-18,428.690002,430.899994,415.899994,416.350006,410.020050,363700
2022-01-19,420.309998,427.950012,411.200012,413.970001,407.676300,547200
2022-01-20,419.160004,425.049988,404.049988,404.160004,398.015411,454800
2022-01-21,399.459991,419.519989,396.299988,397.429993,391.387726,610500
2022-01-24,391.279999,402.429993,372.899994,402.019989,395.907928,752600
2022-01-25,389.769989,395.239990,372.470001,374.869995,369.170685,583900
2022-01-26,385.850006,394.750000,370.609985,378.209991,372.459930,742000
2022-01-27,384.200012,387.399994,359.670013,361.119995,355.629730,495000
2022-01-28,362.850006,371.049988,351.209991,370.890015,365.251251,623100
2022-01-31,375.809998,404.179993,375.809998,402.929993,396.804077,538000
2022-02-01,406.559998,409.359985,391.369995,406.339996,400.162231,385800
2022-02-02,411.000000,416.690002,408.730011,414.500000,408.198242,498600
2022-02-03,398.739990,410.329987,391.690002,393.160004,387.182648,502500
2022-02-04,390.660004,404.160004,386.929993,400.119995,394.036835,289700
2022-02-07,401.130005,410.489990,392.709991,396.950012,390.915039,317200
2022-02-08,397.100006,406.880005,392.989990,405.600006,399.433472,420900
2022-02-09,410.950012,424.600006,407.859985,422.809998,416.381836,363800
2022-02-10,411.079987,426.429993,404.839996,407.290009,401.097809,534900
2022-02-11,440.679993,467.179993,420.519989,424.290009,417.839325,1541200
2022-02-14,420.690002,439.170013,410.869995,433.320007,426.732056,747200
2022-02-15,441.670013,482.450012,441.670013,479.269989,471.983459,978300
2022-02-16,471.779999,489.299988,463.019989,487.570007,480.157288,507300
2022-02-17,476.070007,490.799988,460.549988,461.880005,454.857880,457000
2022-02-18,463.269989,466.750000,448.559998,457.350006,450.396698,525900
2022-02-22,451.630005,464.670013,444.420013,450.109985,443.266785,284900
2022-02-23,455.160004,459.519989,429.149994,431.410004,424.851105,438500
2022-02-24,415.640015,455.630005,412.429993,455.140015,448.220337,549700
2022-02-25,453.250000,462.739990,444.950012,461.440002,454.424561,351300
2022-02-28,457.450012,460.540009,446.480011,458.700012,451.726227,394300
2022-03-01,455.179993,460.640015,432.170013,436.600006,429.962250,553500
2022-03-02,441.250000,459.230011,441.250000,453.450012,446.556030,375800
2022-03-03,455.630005,455.630005,429.779999,430.000000,423.462555,511500
2022-03-04,425.869995,427.880005,407.350006,413.779999,407.489136,453500
2022-03-07,416.510010,419.630005,381.420013,381.500000,375.699829,696700
2022-03-08,385.140015,406.869995,373.589996,394.440002,388.443176,492600
2022-03-09,408.179993,422.820007,403.750000,418.160004,411.802551,433800
2022-03-10,406.190002,411.820007,399.609985,409.059998,402.840881,260400
2022-03-11,418.989990,423.510010,395.119995,395.739990,389.723358,235300
2022-03-14,398.179993,405.660004,383.260010,385.010010,379.156525,546000
2022-03-15,385.290009,423.649994,384.100006,421.820007,415.406952,805000
2022-03-16,428.690002,444.070007,418.200012,440.679993,433.980164,544800
2022-03-17,435.089996,453.649994,432.640015,451.239990,444.379608,434200
2022-03-18,450.190002,472.200012,443.290009,469.880005,462.736206,1154600
2022-03-21,461.820007,470.820007,452.910004,464.429993,457.369110,589200
2022-03-22,466.339996,481.079987,461.720001,470.149994,463.002136,496400
2022-03-23,464.720001,483.690002,459.350006,463.720001,456.669830,424800
2022-03-24,467.019989,495.799988,464.450012,494.619995,487.100098,499400
2022-03-25,493.570007,496.510010,480.130005,491.519989,484.047211,347600
2022-03-28,486.910004,499.459991,481.010010,499.420013,491.827148,269900
2022-03-29,505.230011,514.700012,496.890015,512.210022,504.422699,395200
2022-03-30,510.320007,512.000000,486.029999,488.399994,481.679962,482300
2022-03-31,495.820007,499.000000,484.880005,485.679993,478.997375,463700
2022-04-01,485.250000,489.859985,455.940002,463.600006,457.221191,635400
2022-04-04,467.339996,479.399994,464.010010,474.529999,468.000793,383300
2022-04-05,468.619995,471.579987,438.149994,439.380005,433.334442,693600
2022-04-06,432.959991,439.130005,421.480011,431.250000,425.316315,716700
2022-04-07,429.820007,440.820007,421.850006,436.309998,430.306671,437200
2022-04-08,430.089996,430.359985,410.640015,411.589996,405.926819,494600
2022-04-11,406.989990,407.019989,392.850006,396.109985,390.659790,552500
2022-04-12,406.929993,410.690002,397.640015,401.040009,395.522003,414400
2022-04-13,402.940002,422.950012,400.309998,420.640015,414.852295,492700
2022-04-14,419.260010,421.720001,409.359985,409.380005,403.747192,390400
2022-04-18,407.720001,429.450012,407.720001,425.920013,420.059662,441500
2022-04-19,423.470001,438.529999,419.950012,437.450012,431.431000,366500
2022-04-20,442.940002,447.299988,428.869995,432.190002,426.243347,246400
2022-04-21,437.179993,444.000000,412.529999,415.559998,409.842194,322800
2022-04-22,415.100006,419.200012,403.209991,404.209991,398.648346,281800
2022-04-25,400.000000,421.299988,398.149994,420.170013,414.388733,405000
2022-04-26,410.619995,413.000000,393.820007,394.369995,388.943787,434900
2022-04-27,391.459991,405.260010,389.600006,392.380005,386.981110,379000
2022-04-28,400.980011,417.970001,390.380005,412.489990,406.814392,586400
2022-04-29,403.540009,414.920013,390.100006,392.239990,386.843048,594900
2022-05-02,392.829987,415.630005,390.390015,410.869995,405.216705,652100
2022-05-03,445.000000,462.149994,426.730011,457.480011,451.185425,1231100
2022-05-04,453.160004,482.290009,436.049988,479.190002,472.596710,659700
2022-05-05,471.350006,472.970001,443.540009,451.980011,445.761108,593100
2022-05-06,446.500000,454.799988,426.089996,444.940002,438.817963,367800
2022-05-09,435.000000,437.320007,403.149994,406.739990,401.143555,600000
2022-05-10,419.859985,422.739990,398.549988,412.790009,407.110291,673600
2022-05-11,408.070007,422.579987,385.709991,386.709991,381.389130,593900
2022-05-12,382.529999,395.600006,376.119995,388.420013,383.075623,666100
2022-05-13,400.760010,434.630005,398.000000,431.670013,425.730591,494300
2022-05-16,425.450012,432.410004,416.029999,417.000000,411.262390,355600
2022-05-17,428.279999,443.350006,428.269989,443.100006,437.003235,524100
2022-05-18,434.049988,447.480011,407.220001,411.359985,405.699921,605900
2022-05-19,410.279999,430.040009,403.690002,416.690002,410.956635,411800
2022-05-20,428.649994,429.910004,395.540009,418.119995,412.366913,567900
2022-05-23,414.500000,420.000000,410.890015,418.750000,412.988342,297500
2022-05-24,410.760010,410.760010,387.359985,388.440002,383.095337,588300
2022-05-25,384.529999,408.190002,384.529999,401.609985,396.084137,370600
2022-05-26,401.309998,425.239990,397.279999,421.670013,415.868195,404800
2022-05-27,429.380005,458.739990,429.380005,455.850006,449.577789,545300
2022-05-31,455.559998,458.000000,440.119995,450.390015,444.192993,685700
2022-06-01,455.519989,457.000000,441.589996,448.250000,442.082397,462800
2022-06-02,443.329987,473.040009,440.850006,472.299988,465.801453,353500
2022-06-03,456.390015,460.350006,449.290009,457.459991,451.165680,485700
2022-06-06,470.480011,475.000000,456.230011,466.100006,459.686798,234400
2022-06-07,458.660004,476.170013,458.339996,473.440002,466.925781,262600
2022-06-08,465.779999,473.619995,451.279999,457.899994,451.599609,313800
2022-06-09,452.690002,462.309998,443.959991,444.079987,437.969757,242900
2022-06-10,436.709991,439.079987,422.570007,423.619995,417.791290,381100
2022-06-13,407.850006,412.190002,388.329987,389.640015,384.278809,651000
2022-06-14,396.369995,411.239990,394.600006,407.160004,401.557800,577900
2022-06-15,411.959991,425.950012,403.089996,416.190002,410.463531,386100
2022-06-16,403.019989,403.019989,381.209991,387.119995,381.793518,550600
2022-06-17,388.839996,401.000000,381.579987,398.559998,393.076111,847400
2022-06-21,407.149994,417.070007,405.839996,412.839996,407.159607,385600
2022-06-22,402.480011,413.140015,399.440002,400.459991,394.949982,427000
2022-06-23,404.429993,410.609985,393.339996,399.649994,394.151123,289000
2022-06-24,409.260010,420.779999,406.739990,419.410004,413.639191,682900
2022-06-27,428.399994,428.399994,412.190002,416.859985,411.124298,418300
2022-06-28,418.589996,428.589996,395.839996,397.130005,391.665771,494300
2022-06-29,389.149994,394.190002,383.649994,392.410004,387.742981,388400
2022-06-30,385.899994,394.850006,376.000000,384.040009,379.472534,545800
2022-07-01,379.630005,382.549988,356.350006,364.950012,360.609558,772900
2022-07-05,355.690002,369.350006,348.019989,368.760010,364.374268,679200
2022-07-06,372.190002,374.600006,364.790009,369.100006,364.710236,382300
2022-07-07,378.410004,390.309998,378.410004,386.690002,382.091003,333400
2022-07-08,380.230011,395.579987,378.200012,395.480011,390.776489,352400
2022-07-11,390.640015,395.239990,386.649994,389.649994,385.015808,349700
2022-07-12,393.179993,394.950012,380.239990,385.369995,380.786743,290000
2022-07-13,374.829987,390.760010,372.000000,387.450012,382.842010,388000
2022-07-14,387.040009,397.970001,379.519989,395.980011,391.270538,300200
2022-07-15,403.809998,412.519989,398.220001,410.250000,405.370819,403800
2022-07-18,417.790009,424.679993,406.309998,409.040009,404.175201,378000
2022-07-19,414.480011,428.200012,414.420013,426.239990,421.170654,435500
2022-07-20,425.600006,445.250000,424.170013,442.089996,436.832153,444700
2022-07-21,445.440002,457.980011,438.429993,456.029999,450.606384,463000
2022-07-22,447.700012,454.239990,431.779999,436.440002,431.249329,450600
2022-07-25,431.899994,431.899994,414.269989,430.279999,425.162598,460700
2022-07-26,427.399994,428.940002,419.609985,422.109985,417.089722,357100
2022-07-27,433.109985,456.399994,431.779999,451.010010,445.646057,515000
2022-07-28,452.600006,461.790009,440.440002,460.109985,454.637787,363600
2022-07-29,455.640015,469.660004,455.640015,464.720001,459.192993,465900
2022-08-01,461.390015,465.500000,447.380005,462.299988,456.801758,801600
2022-08-02,494.350006,512.000000,481.579987,505.720001,499.705383,1288500
2022-08-03,511.059998,529.090027,499.230011,526.119995,519.862671,720600
2022-08-04,522.380005,537.989990,521.390015,530.960022,524.645142,591800
2022-08-05,524.789978,535.940002,522.070007,532.330017,525.998962,428400
2022-08-08,530.630005,536.549988,521.919983,535.520020,529.151001,587500
2022-08-09,522.419983,523.719971,502.690002,511.059998,504.981873,860200
2022-08-10,527.289978,534.130005,512.510010,532.010010,525.682739,559700
2022-08-11,535.179993,541.390015,517.260010,517.969971,511.809692,419400
2022-08-12,521.429993,530.979980,518.570007,527.750000,521.473328,444000
2022-08-15,527.500000,538.710022,523.320007,536.880005,530.494812,331800
2022-08-16,534.159973,537.989990,522.320007,531.409973,525.089783,350500
2022-08-17,524.150024,527.500000,510.920013,520.500000,514.309631,424200
2022-08-18,524.989990,534.770020,521.059998,527.239990,520.969482,361300
2022-08-19,518.840027,520.780029,510.100006,511.649994,505.564850,309700
2022-08-22,500.000000,504.859985,490.359985,491.640015,485.792816,439800
2022-08-23,495.500000,502.350006,491.869995,497.510010,491.593048,246100
2022-08-24,500.540009,500.540009,492.369995,497.109985,491.197754,262100
2022-08-25,498.000000,514.640015,498.000000,514.429993,508.311768,552600
2022-08-26,509.429993,513.000000,475.700012,476.619995,470.951447,709200
2022-08-29,471.890015,476.839996,460.329987,461.760010,456.268158,523300
2022-08-30,467.980011,470.070007,453.619995,463.170013,457.661469,547900
2022-08-31,463.609985,468.190002,446.799988,453.179993,447.790222,545000
2022-09-01,440.000000,441.769989,403.410004,425.470001,420.409790,1403100
2022-09-02,432.190002,436.089996,419.250000,424.420013,419.372284,705600
2022-09-06,424.720001,426.910004,415.899994,418.890015,413.908081,408800
2022-09-07,422.750000,431.489990,415.549988,427.190002,422.109344,386900
2022-09-08,420.959991,438.779999,417.640015,438.779999,433.561493,433700
2022-09-09,444.480011,454.299988,444.480011,447.200012,441.881378,473700
2022-09-12,449.000000,451.839996,439.359985,446.920013,441.604706,322700
2022-09-13,426.899994,433.820007,420.910004,422.329987,417.307129,616200
2022-09-14,430.829987,431.809998,418.899994,429.709991,424.599365,502100
2022-09-15,426.660004,431.399994,416.450012,418.880005,413.898193,504400
2022-09-16,416.809998,419.390015,407.089996,417.959991,412.989136,804400
2022-09-19,410.390015,422.309998,410.000000,417.660004,412.692688,514900
2022-09-20,413.269989,416.309998,409.029999,410.839996,405.953796,360900
2022-09-21,412.649994,422.149994,403.640015,403.859985,399.056824,541400
2022-09-22,401.239990,403.160004,380.399994,381.709991,377.170258,872800
2022-09-23,376.559998,378.619995,360.549988,371.239990,366.824768,1465500
2022-09-26,370.769989,378.799988,364.230011,367.350006,362.981018,887700
2022-09-27,381.220001,381.220001,364.290009,372.660004,368.227905,831500
2022-09-28,368.619995,381.880005,366.570007,379.329987,374.818542,527900
2022-09-29,372.970001,372.970001,360.269989,365.399994,361.769501,882500
2022-09-30,362.179993,376.779999,360.109985,363.399994,359.789398,1288000
2022-10-03,366.549988,380.630005,362.679993,377.000000,373.254242,1026300
2022-10-04,388.989990,397.589996,388.820007,394.010010,390.095276,640400
2022-10-05,385.709991,404.209991,380.959991,399.839996,395.867310,680300
2022-10-06,397.480011,410.790009,393.100006,395.350006,391.421936,530900
2022-10-07,383.890015,383.890015,357.709991,362.600006,358.997345,1384700
2022-10-10,360.130005,361.970001,339.209991,344.339996,340.918762,1190000
2022-10-11,337.559998,339.950012,323.369995,328.010010,324.751038,1588500
2022-10-12,327.820007,329.649994,320.559998,322.980011,319.771027,756300
2022-10-13,308.739990,343.290009,301.690002,331.959991,328.661743,1406500
2022-10-14,338.239990,338.239990,308.600006,309.200012,306.127899,901900
2022-10-17,317.959991,322.000000,313.920013,316.170013,313.028625,763800
2022-10-18,329.339996,334.329987,310.920013,315.600006,312.464325,638300
2022-10-19,311.029999,322.739990,307.869995,314.829987,311.701904,576200
2022-10-20,314.910004,325.750000,313.429993,317.440002,314.286041,536200
2022-10-21,315.179993,334.079987,313.779999,332.829987,329.523102,797900
2022-10-24,332.200012,335.489990,321.149994,330.989990,327.701385,649600
2022-10-25,333.380005,344.720001,333.029999,342.160004,338.760376,798200
2022-10-26,333.470001,347.179993,329.010010,333.329987,330.018127,851400
2022-10-27,339.790009,344.149994,323.739990,329.480011,326.206390,1160300
2022-10-28,325.269989,348.709991,320.010010,346.799988,343.354279,2143900
2022-10-31,341.130005,344.630005,333.119995,339.450012,336.077332,1048600
2022-11-01,349.660004,353.809998,343.470001,348.880005,345.413666,1177300
2022-11-02,347.440002,355.519989,334.350006,334.540009,331.216156,996000
2022-11-03,328.940002,341.670013,328.200012,334.200012,330.879486,780400
2022-11-04,343.980011,353.170013,339.260010,351.739990,348.245209,896500
2022-11-07,355.359985,356.279999,345.450012,352.959991,349.453094,690300
2022-11-08,359.910004,363.769989,349.670013,356.149994,352.611389,587600
2022-11-09,348.820007,352.779999,342.350006,343.839996,340.423706,675500
2022-11-10,364.010010,388.850006,363.820007,386.869995,383.026184,900600
2022-11-11,386.880005,402.540009,382.010010,393.369995,389.461578,751600
2022-11-14,388.980011,396.209991,386.179993,387.970001,384.115234,619200
2022-11-15,405.440002,409.730011,400.459991,405.029999,401.005798,611200
2022-11-16,396.630005,399.339996,373.730011,375.380005,371.650360,734100
2022-11-17,363.799988,379.589996,361.200012,376.040009,372.303802,500800
2022-11-18,384.160004,384.309998,372.140015,377.309998,373.561157,364900
2022-11-21,370.059998,376.329987,368.140015,368.279999,364.620880,413300
2022-11-22,372.079987,374.279999,366.119995,374.019989,370.303802,460700
2022-11-23,371.119995,382.450012,370.809998,375.690002,371.957275,359500
2022-11-25,370.429993,372.540009,369.149994,369.279999,365.610931,213400
2022-11-28,362.359985,367.630005,353.109985,355.489990,351.957947,574400
2022-11-29,358.290009,359.790009,351.829987,354.950012,351.423370,396200
2022-11-30,356.739990,382.970001,350.880005,381.959991,378.164948,781000
2022-12-01,381.010010,384.970001,369.950012,382.070007,378.273895,669100
2022-12-02,371.440002,386.170013,368.920013,383.209991,379.402557,585800
2022-12-05,378.559998,383.600006,371.640015,375.059998,371.333527,471300
2022-12-06,374.200012,374.910004,360.000000,363.859985,360.244812,546500
2022-12-07,360.040009,369.010010,358.640015,367.769989,364.115936,369600
2022-12-08,370.290009,388.910004,365.149994,385.350006,381.521332,622400
2022-12-09,380.000000,391.510010,378.089996,386.100006,382.263855,673600
2022-12-12,385.850006,393.230011,382.779999,393.029999,389.124969,534800
2022-12-13,412.880005,416.140015,389.970001,401.519989,397.530640,736300
2022-12-14,401.510010,406.489990,390.429993,395.390015,391.461548,596200
2022-12-15,383.760010,384.489990,373.010010,373.299988,369.591003,662800
2022-12-16,371.959991,375.720001,360.709991,367.029999,363.383331,1631300
2022-12-19,367.489990,367.489990,348.470001,359.010010,355.442993,730200
2022-12-20,352.320007,363.480011,352.320007,357.869995,354.314331,370200
2022-12-21,361.489990,369.540009,359.609985,367.000000,363.353607,454900
2022-12-22,357.339996,360.239990,339.450012,347.600006,344.146362,982800
2022-12-23,343.720001,350.890015,337.209991,350.609985,347.126404,421300
2022-12-27,348.209991,352.970001,338.089996,342.279999,338.879211,441400
2022-12-28,339.670013,348.470001,336.630005,340.279999,336.899078,343600
2022-12-29,347.619995,355.859985,345.959991,353.420013,350.681458,506600
2022-12-30,346.010010,354.079987,343.850006,353.609985,350.869965,346200
2023-01-03,359.649994,361.029999,339.279999,342.950012,340.292603,588700
2023-01-04,348.679993,361.100006,348.519989,357.829987,355.057312,591800
2023-01-05,352.179993,357.429993,346.329987,347.059998,344.370758,627100
2023-01-06,350.959991,370.619995,345.700012,367.450012,364.602753,549800
2023-01-09,377.000000,391.500000,372.480011,383.459991,380.488678,615000
2023-01-10,383.420013,391.420013,381.339996,388.170013,385.162201,391700
2023-01-11,390.369995,397.899994,388.519989,397.369995,394.290894,486200
2023-01-12,398.000000,404.529999,387.109985,399.640015,396.543304,457600
2023-01-13,392.750000,398.739990,391.339996,398.459991,395.372437,208900
2023-01-17,395.920013,403.779999,395.920013,401.679993,398.567474,478500
2023-01-18,405.790009,409.579987,397.220001,397.850006,394.767212,307400
2023-01-19,391.589996,393.239990,379.100006,383.290009,380.320007,650500
2023-01-20,390.380005,397.940002,383.279999,397.779999,394.697693,358900
2023-01-23,403.989990,429.600006,399.059998,428.510010,425.189636,792500
2023-01-24,425.920013,434.799988,415.519989,419.130005,415.882294,445800
2023-01-25,407.790009,426.200012,402.140015,424.690002,421.399231,350700
2023-01-26,431.459991,436.420013,420.769989,432.760010,429.406647,295700
2023-01-27,428.640015,432.779999,422.130005,425.070007,421.776245,484200
2023-01-30,416.450012,418.290009,406.149994,407.619995,404.461456,635000
2023-01-31,407.790009,426.790009,405.700012,426.559998,423.254700,466500
2023-02-01,426.549988,464.720001,426.440002,457.769989,454.222870,1083100
2023-02-02,461.390015,479.589996,461.390015,473.959991,470.287415,608400
2023-02-03,460.390015,473.309998,453.609985,456.299988,452.764252,693500
2023-02-06,446.839996,463.200012,445.010010,449.679993,446.195557,473200
2023-02-07,451.649994,471.040009,449.470001,467.619995,463.996521,598600
2023-02-08,460.000000,471.440002,457.399994,463.000000,459.412354,726900
2023-02-09,489.679993,529.950012,489.679993,510.429993,506.474823,1785000
2023-02-10,508.600006,508.779999,488.929993,492.019989,488.207489,580300
2023-02-13,492.760010,503.380005,486.059998,501.420013,497.534637,621000
2023-02-14,493.489990,522.859985,491.149994,520.559998,516.526306,660900
2023-02-15,516.119995,530.650024,514.070007,530.090027,525.982483,453800
2023-02-16,518.309998,524.869995,510.500000,513.369995,509.392029,484100
2023-02-17,512.130005,514.049988,498.510010,502.089996,498.199432,488900
2023-02-21,492.440002,501.029999,480.059998,481.920013,478.185760,645700
2023-02-22,485.000000,489.369995,474.739990,482.709991,478.969604,383800
2023-02-23,502.890015,506.160004,477.799988,494.899994,491.065155,661100
2023-02-24,485.970001,488.940002,479.880005,483.059998,479.316925,372500
2023-02-27,489.570007,492.040009,484.989990,486.260010,482.492126,342800
2023-02-28,483.250000,493.920013,481.329987,484.290009,480.537415,379300
2023-03-01,486.429993,493.890015,482.679993,486.529999,482.760010,281500
2023-03-02,479.029999,495.589996,472.489990,493.739990,489.914154,262400
2023-03-03,494.589996,508.350006,492.799988,506.029999,502.108887,326800
2023-03-06,507.910004,515.890015,495.589996,497.209991,493.357239,347500
2023-03-07,495.980011,503.299988,490.390015,492.799988,488.981445,205200
2023-03-08,495.390015,507.230011,493.809998,504.769989,500.858673,303700
2023-03-09,505.200012,516.690002,491.929993,492.670013,488.852478,472300
2023-03-10,497.519989,497.519989,475.720001,478.950012,475.238770,360600
2023-03-13,469.519989,494.339996,463.890015,486.299988,482.531769,588300
2023-03-14,497.940002,503.500000,484.079987,493.720001,489.894318,624900
2023-03-15,485.980011,490.179993,465.920013,476.609985,472.916870,620300
2023-03-16,477.950012,500.989990,471.309998,497.970001,494.111359,706400
2023-03-17,500.739990,503.820007,484.119995,488.309998,484.526215,688900
2023-03-20,489.850006,498.070007,482.269989,494.339996,490.509521,379300
2023-03-21,501.230011,505.630005,492.440002,498.440002,494.577728,495900
2023-03-22,499.720001,510.709991,488.720001,489.809998,486.014618,647100
2023-03-23,500.510010,517.830017,496.980011,510.500000,506.544281,466200
2023-03-24,505.529999,506.250000,479.100006,485.399994,481.638794,661300
2023-03-27,490.589996,491.799988,475.320007,482.829987,479.088684,369700
2023-03-28,482.100006,485.260010,462.619995,475.040009,471.359039,562800
2023-03-29,485.589996,495.630005,479.510010,490.910004,487.106110,386400
2023-03-30,499.049988,504.570007,490.940002,497.790009,494.941010,393800
2023-03-31,494.489990,502.820007,492.200012,500.540009,497.675262,464100
2023-04-03,496.470001,500.809998,482.510010,492.970001,490.148590,342800
2023-04-04,493.579987,496.730011,478.709991,483.010010,480.245605,296200
2023-04-05,478.739990,479.239990,466.600006,473.320007,470.611053,547500
2023-04-06,466.529999,477.750000,460.540009,473.609985,470.899384,299000
2023-04-10,467.640015,489.079987,466.309998,488.760010,485.962677,404400
2023-04-11,492.000000,494.630005,482.410004,484.640015,481.866272,315800
2023-04-12,492.700012,493.350006,465.359985,465.890015,463.223602,373300
2023-04-13,466.160004,477.880005,463.140015,476.839996,474.110901,338200
2023-04-14,476.329987,485.980011,471.040009,477.269989,474.538422,190600
2023-04-17,470.839996,482.640015,470.839996,482.359985,479.599304,302600
2023-04-18,488.269989,490.000000,471.910004,475.619995,472.897888,349800
2023-04-19,470.910004,470.910004,461.820007,463.500000,460.847260,290800
2023-04-20,455.029999,473.670013,454.390015,466.420013,463.750549,294700
2023-04-21,463.299988,465.079987,457.320007,463.000000,460.350067,221800
2023-04-24,465.760010,474.989990,464.290009,472.929993,470.223267,389400
2023-04-25,466.130005,470.450012,450.279999,450.820007,448.239838,430700
2023-04-26,456.489990,462.359985,448.970001,454.040009,451.441406,510200
2023-04-27,452.399994,452.399994,433.420013,448.609985,446.042450,568000
2023-04-28,449.940002,463.940002,448.170013,461.970001,459.325989,425000
2023-05-01,461.619995,473.820007,461.619995,471.739990,469.040039,432900
2023-05-02,472.450012,482.170013,462.570007,468.130005,465.450745,501900
2023-05-03,467.390015,476.549988,457.829987,466.109985,463.442291,489200
2023-05-04,459.589996,464.859985,454.750000,458.929993,456.303375,741400
2023-05-05,405.049988,418.959991,383.190002,411.269989,408.916168,2187500
2023-05-08,406.079987,423.529999,406.079987,418.619995,416.224091,744900
2023-05-09,409.779999,413.230011,398.010010,401.380005,399.082764,744000
2023-05-10,407.290009,418.950012,407.290009,415.980011,413.599213,782400
2023-05-11,414.470001,416.000000,396.329987,398.609985,396.328613,597500
2023-05-12,400.739990,403.609985,393.100006,399.190002,396.905304,373500
2023-05-15,399.559998,413.339996,396.899994,412.559998,410.198792,416500
2023-05-16,409.649994,414.440002,402.059998,402.540009,400.236145,350600
2023-05-17,405.790009,420.820007,399.480011,415.709991,413.330750,638000
2023-05-18,420.100006,431.989990,415.730011,431.470001,429.000549,1017600
2023-05-19,431.399994,435.079987,427.250000,432.019989,429.547394,532300
2023-05-22,428.480011,450.450012,428.480011,448.399994,445.833649,554000
2023-05-23,441.940002,443.690002,422.049988,423.700012,421.275024,566400
2023-05-24,411.790009,417.369995,406.660004,415.730011,413.350677,571400
2023-05-25,454.119995,495.000000,447.000000,488.320007,485.525208,2121600
2023-05-26,495.579987,532.000000,490.239990,520.919983,517.938538,2053700
2023-05-30,540.320007,553.640015,512.330017,514.969971,512.022705,1179700
2023-05-31,504.859985,513.929993,488.390015,489.910004,487.106110,900800
2023-06-01,495.000000,504.380005,487.660004,499.290009,496.432404,734200
2023-06-02,505.589996,505.589996,478.130005,497.250000,494.404083,778200
2023-06-05,495.250000,496.269989,477.359985,487.149994,484.361877,637800
2023-06-06,486.390015,507.640015,483.480011,497.410004,494.563171,486900
2023-06-07,501.600006,511.380005,490.380005,494.579987,491.749359,456000
2023-06-08,498.399994,501.260010,489.619995,497.700012,494.851501,389000
2023-06-09,506.510010,512.539978,495.910004,501.869995,498.997620,536400
2023-06-12,506.750000,528.609985,506.690002,526.219971,523.208252,612100
2023-06-13,540.780029,548.590027,531.010010,535.690002,532.624023,669600
2023-06-14,528.440002,538.390015,520.119995,537.210022,534.135376,493000
2023-06-15,529.000000,533.510010,518.570007,519.280029,516.308044,729100
2023-06-16,529.900024,529.900024,516.179993,517.609985,514.647583,1110500
2023-06-20,510.769989,518.890015,506.609985,510.230011,507.309814,494900
2023-06-21,506.179993,514.570007,503.549988,505.079987,502.189240,381800
2023-06-22,500.549988,516.380005,499.920013,512.239990,509.308289,289300
2023-06-23,500.799988,508.000000,500.500000,506.000000,503.104004,568600
2023-06-26,509.149994,520.109985,509.149994,510.910004,507.985901,364600
2023-06-27,509.660004,533.109985,509.380005,532.809998,529.760498,466400
2023-06-28,522.150024,538.570007,520.109985,527.270020,524.252319,541100
2023-06-29,532.250000,536.770020,524.219971,535.799988,533.745667,399100
2023-06-30,541.609985,547.710022,533.179993,540.229980,538.158691,434200
2023-07-03,545.229980,547.659973,532.070007,542.570007,540.489746,256700
2023-07-05,535.260010,538.039978,522.539978,523.260010,521.253784,539300
2023-07-06,509.359985,515.440002,502.750000,514.489990,512.517456,506200
2023-07-07,514.859985,524.900024,512.000000,513.900024,511.929718,350300
2023-07-10,519.419983,539.500000,519.419983,534.330017,532.281372,551900
2023-07-11,541.760010,543.510010,531.359985,542.530029,540.449951,421000
2023-07-12,550.750000,562.940002,548.679993,561.039978,558.888977,658500
2023-07-13,567.390015,581.559998,565.030029,576.619995,574.409241,619500
2023-07-14,573.409973,581.080017,561.599976,565.010010,562.843750,334600
2023-07-17,568.000000,595.979980,566.580017,588.719971,586.462769,402300
2023-07-18,584.030029,591.330017,577.500000,588.109985,585.855164,405700
2023-07-19,584.380005,589.450012,571.140015,574.510010,572.307312,508100
2023-07-20,545.000000,549.979980,524.929993,529.049988,527.021606,1144000
2023-07-21,535.179993,539.000000,528.119995,533.669983,531.623840,592800
2023-07-24,530.359985,535.960022,521.130005,533.219971,531.175598,385200
2023-07-25,538.950012,558.539978,538.880005,551.530029,549.415466,536600
2023-07-26,542.590027,542.590027,515.109985,528.799988,526.772583,1070900
2023-07-27,549.270020,555.119995,530.000000,537.190002,535.130432,787900
2023-07-28,554.390015,555.030029,541.419983,545.549988,543.458313,550300
2023-07-31,546.729980,563.799988,546.179993,559.489990,557.344910,796900
2023-08-01,512.010010,555.169983,500.000000,550.289978,548.180115,1557100
2023-08-02,538.820007,546.530029,522.739990,530.429993,528.396362,717000
2023-08-03,525.200012,536.320007,519.030029,532.679993,530.637695,455600
2023-08-04,526.510010,543.510010,518.710022,537.039978,534.980957,517800
2023-08-07,542.729980,542.729980,529.119995,541.719971,539.643005,338200
2023-08-08,530.299988,531.489990,520.489990,529.700012,527.669128,343000
2023-08-09,527.890015,528.969971,515.570007,521.039978,519.042297,451700
2023-08-10,527.940002,533.630005,513.539978,518.479980,516.492126,413600
2023-08-11,508.510010,516.419983,501.989990,502.170013,500.244690,467700
2023-08-14,497.850006,524.989990,496.929993,524.659973,522.648376,452000
2023-08-15,517.859985,522.669983,511.670013,518.890015,516.900574,505700
2023-08-16,516.700012,516.700012,492.480011,493.910004,492.016327,543200
2023-08-17,495.350006,495.350006,483.869995,485.350006,483.489166,522900
2023-08-18,477.500000,485.750000,475.059998,482.290009,480.440887,500100
2023-08-21,483.779999,501.559998,482.859985,498.890015,496.977264,505300
2023-08-22,509.309998,513.400024,493.260010,500.630005,498.710571,455100
2023-08-23,496.160004,525.969971,492.160004,519.450012,517.458435,737500
2023-08-24,526.979980,530.030029,486.709991,488.010010,486.138977,908900
2023-08-25,488.010010,491.950012,474.470001,489.079987,487.204834,692200
2023-08-28,496.549988,499.089996,486.540009,493.869995,491.976471,421700
2023-08-29,488.809998,514.950012,488.429993,512.820007,510.853851,496200
2023-08-30,509.250000,519.239990,507.119995,515.140015,513.164917,256200
2023-08-31,513.320007,526.210022,513.320007,521.210022,519.211670,423000
2023-09-01,525.530029,528.549988,518.609985,524.919983,522.907410,252200
2023-09-05,524.080017,535.239990,520.349976,528.719971,526.692871,331500
2023-09-06,526.000000,536.390015,516.520020,523.179993,521.174072,344100
2023-09-07,507.839996,509.070007,494.109985,506.140015,504.199463,487200
2023-09-08,506.250000,508.989990,498.630005,500.869995,498.949646,369300
2023-09-11,509.459991,509.459991,478.309998,486.160004,484.296051,554700
2023-09-12,480.890015,490.000000,473.250000,473.940002,472.122894,516200
2023-09-13,471.700012,480.950012,468.570007,470.359985,468.556610,594500
2023-09-14,476.380005,481.769989,468.000000,479.170013,477.332855,500200
2023-09-15,476.489990,476.489990,462.450012,464.230011,462.450134,992700
2023-09-18,460.000000,472.489990,459.459991,463.190002,461.414124,533000
2023-09-19,462.929993,463.170013,454.160004,457.779999,456.024872,448300
2023-09-20,461.980011,467.329987,452.649994,452.859985,451.123688,394900
2023-09-21,448.399994,453.250000,439.589996,440.380005,438.691589,597600
2023-09-22,445.799988,452.309998,441.880005,449.290009,447.567413,428400
2023-09-25,448.100006,455.500000,444.820007,453.149994,451.412598,328600
2023-09-26,448.600006,453.940002,442.040009,444.540009,442.835632,405300
2023-09-27,451.230011,453.570007,438.739990,441.179993,439.488525,711800
2023-09-28,440.739990,458.929993,437.459991,451.920013,451.210083,553500
2023-09-29,460.049988,466.410004,459.589996,462.000000,461.274231,519700
2023-10-02,461.369995,464.859985,452.450012,459.339996,458.618408,283700
2023-10-03,455.019989,464.970001,445.980011,448.929993,448.224762,367100
2023-10-04,452.529999,459.160004,448.109985,457.170013,456.451813,550000
2023-10-05,454.799988,457.519989,442.230011,451.760010,451.050323,454400
2023-10-06,446.779999,476.970001,446.779999,473.679993,472.935883,598200
2023-10-09,467.329987,478.000000,463.000000,476.019989,475.272186,364500
2023-10-10,479.459991,496.049988,478.570007,490.000000,489.230225,440700
2023-10-11,490.390015,503.109985,490.390015,502.040009,501.251343,463800
2023-10-12,504.570007,513.099976,490.500000,493.040009,492.265472,469200
2023-10-13,495.880005,496.200012,473.649994,475.750000,475.002625,356800
2023-10-16,475.880005,486.779999,475.880005,483.119995,482.361053,407700
2023-10-17,470.910004,483.519989,467.260010,476.559998,475.811340,312000
2023-10-18,466.579987,473.899994,460.140015,461.059998,460.335693,547500
2023-10-19,460.869995,462.709991,431.529999,433.750000,433.068604,961300
2023-10-20,432.359985,440.529999,418.690002,420.040009,419.380157,646000
2023-10-23,416.079987,422.459991,408.179993,413.489990,412.840424,624200
2023-10-24,417.390015,424.440002,411.760010,418.000000,417.343353,585000
2023-10-25,411.279999,411.279999,395.230011,399.730011,399.102051,628600
2023-10-26,401.209991,414.140015,398.869995,404.059998,403.425232,590600
2023-10-27,406.320007,410.559998,399.529999,405.929993,405.292297,521600
2023-10-30,400.000000,410.269989,392.100006,404.000000,403.365326,1174400
2023-10-31,425.600006,445.019989,409.049988,441.739990,441.046051,1734400
2023-11-01,440.029999,458.350006,432.640015,456.559998,455.842773,1024700
2023-11-02,467.790009,478.000000,459.690002,471.720001,470.978943,970500
2023-11-03,481.220001,502.440002,480.269989,492.929993,492.155640,842200
2023-11-06,492.920013,495.950012,486.649994,493.540009,492.764679,522100
2023-11-07,493.019989,499.250000,489.589996,492.559998,491.786224,360300
2023-11-08,490.390015,498.429993,485.109985,492.940002,492.165619,371800
2023-11-09,500.119995,507.000000,480.429993,482.059998,481.302704,553500
2023-11-10,491.619995,507.190002,485.380005,504.579987,503.787323,478300
2023-11-13,503.859985,511.980011,500.540009,507.119995,506.323334,469200
2023-11-14,523.640015,539.000000,523.640015,535.469971,534.628784,702400
2023-11-15,541.599976,556.429993,538.590027,547.599976,546.739746,742000
2023-11-16,541.469971,545.119995,532.859985,536.979980,536.136414,585100
2023-11-17,538.179993,543.500000,535.369995,540.020020,539.171692,304300
2023-11-20,540.000000,553.169983,539.789978,551.200012,550.334106,354500
2023-11-21,545.020020,545.989990,535.390015,538.090027,537.244690,394800
2023-11-22,543.570007,554.169983,543.260010,546.070007,545.212158,288700
2023-11-24,544.369995,550.030029,544.369995,549.440002,548.576843,134800
2023-11-27,546.070007,554.000000,539.700012,546.520020,545.661499,195400
2023-11-28,543.559998,551.979980,538.000000,543.440002,542.586304,247800
2023-11-29,553.380005,560.640015,550.359985,552.460022,551.592163,392400
2023-11-30,554.849976,554.849976,543.030029,548.719971,547.857971,489100
2023-12-01,547.409973,560.340027,542.729980,559.609985,558.730896,359500
2023-12-04,552.299988,560.539978,545.919983,559.539978,558.660950,399700
2023-12-05,553.159973,560.049988,549.380005,553.390015,552.520691,259500
2023-12-06,564.950012,571.909973,553.270020,554.239990,553.369324,265700
2023-12-07,557.979980,571.140015,556.630005,568.500000,567.606934,303300
2023-12-08,566.159973,580.700012,566.159973,575.729980,574.825562,297800
2023-12-11,579.179993,593.590027,577.950012,592.400024,591.469421,427100
2023-12-12,593.000000,598.989990,587.549988,595.820007,594.884033,339800
2023-12-13,596.000000,617.109985,594.070007,608.719971,607.763733,463100
2023-12-14,615.299988,639.780029,614.760010,637.390015,636.388733,920400
2023-12-15,634.349976,647.119995,630.760010,633.309998,632.315125,857100
2023-12-18,634.929993,638.640015,622.409973,634.330017,633.333496,320600
2023-12-19,639.039978,643.770020,630.369995,635.260010,634.262024,293200
2023-12-20,632.380005,635.479980,609.969971,611.030029,610.070129,584600
2023-12-21,625.090027,626.950012,615.049988,621.729980,620.753296,799500
2023-12-22,623.840027,625.369995,613.359985,617.640015,616.669739,484500
2023-12-26,626.169983,641.789978,626.169983,637.039978,636.039246,462900
2023-12-27,638.520020,642.260010,631.299988,636.559998,635.559998,522100
2023-12-28,637.380005,637.700012,631.049988,632.219971,632.219971,251800
2023-12-29,631.770020,635.619995,620.849976,630.780029,630.780029,276900
2024-01-02,620.500000,620.500000,596.739990,604.000000,604.000000,611500
2024-01-03,590.820007,594.979980,576.390015,578.299988,578.299988,613600
2024-01-04,561.280029,575.289978,561.080017,571.059998,571.059998,858400
2024-01-05,569.919983,581.419983,568.080017,573.989990,573.989990,419500
2024-01-08,578.989990,593.460022,576.820007,590.710022,590.710022,456500
2024-01-09,578.599976,601.690002,578.599976,593.750000,593.750000,261400
2024-01-10,594.130005,598.000000,582.340027,589.190002,589.190002,401700
2024-01-11,589.190002,595.359985,576.929993,588.429993,588.429993,366400
2024-01-12,588.859985,589.989990,575.909973,578.760010,578.760010,280700
2024-01-16,573.210022,596.929993,570.000000,596.409973,596.409973,577300
2024-01-17,588.159973,591.890015,576.909973,584.349976,584.349976,399500
2024-01-18,598.669983,612.539978,596.059998,610.900024,610.900024,696700
2024-01-19,621.000000,632.909973,612.479980,631.330017,631.330017,674100
2024-01-22,636.210022,647.619995,624.840027,637.760010,637.760010,390700
2024-01-23,640.549988,643.820007,629.059998,642.000000,642.000000,277700
2024-01-24,643.409973,648.000000,622.760010,632.000000,632.000000,538500
2024-01-25,641.609985,642.909973,612.940002,615.679993,615.679993,519900
2024-01-26,609.080017,610.000000,598.809998,601.140015,601.140015,376000
2024-01-29,607.309998,619.969971,599.169983,619.780029,619.780029,462500
2024-01-30,619.559998,625.929993,606.679993,613.419983,613.419983,307200
2024-01-31,605.000000,617.669983,599.640015,602.719971,602.719971,439200
2024-02-01,607.000000,617.169983,594.359985,614.130005,614.130005,429200
2024-02-02,614.719971,637.599976,611.880005,635.859985,635.859985,481100
2024-02-05,641.000000,652.859985,632.309998,646.210022,646.210022,516900
2024-02-06,650.630005,650.630005,622.960022,632.979980,632.979980,556200
2024-02-07,641.469971,655.880005,630.190002,645.409973,645.409973,860500
2024-02-08,680.000000,760.000000,679.469971,737.070007,737.070007,1658500
2024-02-09,747.000000,761.500000,737.219971,752.309998,752.309998,661900
2024-02-12,752.390015,758.270020,728.039978,729.869995,729.869995,645400
2024-02-13,703.000000,724.359985,690.099976,712.119995,712.119995,759500
2024-02-14,724.200012,746.250000,718.630005,745.179993,745.179993,602700
2024-02-15,748.609985,749.989990,724.000000,734.320007,734.320007,600100
2024-02-16,735.659973,748.179993,720.869995,730.500000,730.500000,373000
2024-02-20,720.000000,720.000000,698.450012,712.320007,712.320007,466700
2024-02-21,696.599976,714.049988,695.770020,713.919983,713.919983,477400
2024-02-22,746.229980,750.000000,737.820007,741.299988,741.299988,660200
2024-02-23,736.559998,741.719971,712.969971,721.130005,721.130005,564300
2024-02-26,729.450012,732.080017,723.619995,724.890015,724.890015,302200
2024-02-27,725.559998,728.520020,707.159973,709.289978,709.289978,301900
2024-02-28,702.000000,714.440002,700.190002,710.570007,710.570007,266600
2024-02-29,706.340027,722.590027,696.140015,720.039978,720.039978,859400
2024-03-01,726.950012,751.989990,716.590027,743.750000,743.750000,634200
2024-03-04,743.750000,749.510010,726.090027,735.679993,735.679993,802000
2024-03-05,722.359985,734.359985,707.169983,717.640015,717.640015,480600
2024-03-06,723.820007,743.580017,723.820007,731.369995,731.369995,473600
2024-03-07,743.280029,777.000000,743.280029,767.599976,767.599976,770300
2024-03-08,770.419983,778.150024,731.669983,732.210022,732.210022,537700
2024-03-11,720.909973,726.989929,712.859985,713.224976,713.224976,67874
